








225











123

10242013 183 100000































967 967









270 210 270

























323 330 330 323







983



691 141

743
323
1082 330 323

150 898 141









1090



1849















141
1058
1058
1028
1028





750 13342 1334 7502 1242 22083 2208 12423 180 180120 12087



330








720


703
1144
1144

150 500
150


1051 141 150 1146 1051 150 150 150 7172
112
1074 112 092
150
150 150 09292014



120 340 151 330 140




112
092 112 092 160 112




112
112
112
112 112 092







20141016100257854 31708445138 861898 274270 8411 414140 179 5275 43166 470 861898 274270 292 26933 861898 274270 292 26933 245 861898 274270 292 26933 341 861898 274270 292 26933 128 861898 274270 292 26933 191 470 299232704 861898 274270 292 26933









1098



00000014 2206 514

151





340
667
667 667

140



5500 211080 1920500 5444 191080 1920444





757 620

999 300 341 341 20122014 1010 1010 302 302 303 303 330 330 334 334 214 214 222 222 323 323 325 325 327 327 1010 1010 101 101 311 311 101 101 202 202 204 204 341 386 151 5852 1417 1027 3030 1117 1427 31648 25317 5516 7911 374 1117 1827 1548 31648 25317 5115 7911 314 1117 2027 1152 31648 25317 4314 7911 324 1117 1627 1237 31648 25317 4814 7911 304 1117 2027 31648 25317 6415 7911 545 1117 1027 31648 25317 13117 7911 1226 7911 484 1117 2927 31648 39129 7911 3865 57728 7911 5665 258 7911 2476 7911 2434 10346 45626 47410 35632 31212 36417 38017 45626 47410 35632 31212 49710 11916 9063



1173 1207



625



2058




010
010



1216

300

920


2106










1175









410

602 603 736 667 736







500





0601 112 112 022 030 030 061 281 281 139 158 158 151 162 162 2415 2424 2424 019 051 051 270 2106 2106 1010 115 115





851

510





500








1332




١٢٣٤٥٦٧٨٩



160 1092



360 6100





20176 540 540

5812 520 520

19666



350 150 287 287 288 281 282 293 294 314 315 330 331 346 281

443

1474 355 355 355 1355 1237 1335

20160328 130658 20160328 130620

1369



183 184 1369

443 150 1368 1369 182 185 1735 1735









1168 1168 1168 170

















23524

540







1216
183
183 160
133 183
092 112 133





2415 2106 2415 261 2106 2171 903 262 261











146 148 146 146 146 146


1100
1100 1911 110





1072







24610

1322






2210
702 2160 2201

183 1110 183 160







24582 25537 26060 740

1609



1134 1132

1136 750

26038


