
1024 768





















































100





304





150 150







3457











3568











3390







305 305 305 372





1030 100







4020111024184755569 4109 1739 656 119 237 158 760 431 1089 203 202 790 108 293 476 508 169 241 241 820 806 796 1258 3540 3161 2640 2604 2438 671 332 664 149 125 196 110 369 179 616 620 575 1408 1384 237





123 123





4020111030215924432 874 9294 7787 7370 281 146 298 305 161 1053 1077 1062 1103 1099 1808 4498 4193 341 4873 2459 3655 2640 2604 2438 671 332 664 149 125 196










8664
8002046934809 861001295409059 8002046934809 861001295409059























16029 12161223 2011 107 470 205 3043 464 372 759 756 2606 3061 3088 629 170 798 647 465 595 289 2863 2768 2760 2711 2707 2691 134 3593 3286 2640 2604 2438 671 332 664 149 125 196 110 369 179 597 620 575 1408



4020111214122848339 615 607 673 140 1120 519 201 1053 4066 3657 825 801 211 498 584 501 411 1053 4066 3657 2640 2604 2438 671 332 664 149 125 196 110 369 179 620 575 1408



362 3111 371

261 261
261
261







175 307 235 1514 31517 154



これは のコミットメッセージです4



4004 4004
172 901
172



































1495





305













192 290 191

171





108 107



4265







793 943 439 613 448 269 971 784 893 927 875 485 473 759 729 798 838 123 756 853 582 441











3359 2595











308 309201202021720 310201202021828





























308 3001326742432













2564

















3620 3082012012016582







371 109







127001 127001

310201202291203























3001327087459 10066 10066114 635 2969770





308201201201658 764 106









2031



309201202141038

1204







109












1110
1110



320201203261335



11000





20120401120649 3661 212 1062 124 225 227 102 428 65535 312 169 104 111 123 104 190 312 169 123 104 119 104 255 342 212 216 104 212 322 178 187 104 129 120 706 714 119 144 180 273 242 2073 132 ı386 ı386 24159 ı386 ı386 201 136 146 110 130 134 119 2552 20120401120649 3661 1062 124 225 227 102 428 65535 167 104 111 123 104 190 167 123 104 119 104 255 210 216 104 212 322 178 187 104 129 120 706 714 119 144 180 273 242 2073 132 5420120401120649 3661 1062 124 225 227 102 428 65535 167 104 111 123 104 190 167 123 104 119 104 255 210 216 104 169 302 144 153 104 129 120 706 714 119 144 180 273 242 2073 132 5420120401120649 3661 1062 124 225 227 102 428 65535 167 104 111 123 104 190 312 169 123 104 117 104 255 342 212 216 807 65535 283 332 203 123 104 212 322 178 182 104 212 322 178 187 104 129 120 706 714 119 144 180 273 242 2073 153 5420120401120649 3661 1062 124 225 227 102 428 65535 167 104 111 123 104 190 167 123 104 117 104 255 210 216 807 65535 283 201 123 104 212 176 182 104 212 322 178 187 104 129 120 706 714 119 144 180 273 242 2073 153 5420120401120649 3661 1062 124 225 227 102 428 65535 167 104 111 123 104 190 167 123 104 117 104 255 210 216 807 65535 283 201 123 104 212 176 182 104 212 322 178 187 104 129 120 706 714 119 144 180 273 242 2073 153 5420120401120649 3661 1062 124 225 227 102 428 65535 167 104 111 123 104 190 167 123 104 117 104 255 210 216 807 65535 283 201 123 104 212 176 182 104 212 322 178 187 104 129 120 706 714 119 144 180 273 242 2073 153 5420120401120649 3661 1062 124 225 227 102 428 65535 167 104 111 123 104 190 167 123 104 117 104 255 210 216 807 65535 283 201 123 104 212 176 182 104 212 322 178 187 104 129 120 706 714 119 144 180 273 242 2073 153 5420120401120649 3661 1062 124 225 227 102 428 65535 167 104 111 123 104 190 167 123 104 117 104 255 210 216 807 65535 283 201 123 104 212 176 182 104 212 322 178 187 104 129 120 706 714 119 144 180 273 242 2073 153 5420120401120649 3661 1062 124 225 227 102 428 65535 167 104 111 123 104 190 167 123 104 117 104 255 210 216 807 65535 283 201 123 104 212 176 182 104 212 322 178 187 104 129 120 706 714 119 144 180 273 242 2073 153 5420120401120649 3661 1062 124 225 227 102 428 65535 167 104 111 123 104 190 167 123 104 117 104 255 210 216 807 65535 283 201 123 104 212 176 182 104 212 322 178 187 104 129 120 706 714 119 144 180 273 242 2073 153 5420120401120649 3661 1062 124 225 227 102 428 65535 167 104 111 123 104 190 167 123 104 117 104 255 210 216 807 65535 283 201 123 104 212 176 182 104 212 322 178 187 104 129 120 706 714 119 144 180 273 242 2073 153 5420120401120649 3661 1062 124 225 227 102 428 65535 167 104 111 123 104 190 167 123 104 117 104 255 210 216 807 65535 283 201 123 104 212 176 182 104 212 322 178 187 104 129 120 706 714 119 144 180 273 242 2073 153 5420120401120649 3661 1062 124 225 227 102 428 65535 167 104 111 123 104 190 167 123 104 117 104 255 210 216 807 65535 283 201 123 104 212 176 182 104 212 322 178 187 104 129 120 706 714 119 144 180 273 242 2073 153 5420120401120649 3661 1062 124 225 227 102 428 65535 167 104 111 123 104 190 167 123 104 117 104 255 210 216 807 65535 283 201 123 104 212 176 182 104 212 322 178 187 104 129 120 706 714 119 144 180 273 242 2073 153 5420120401120649 3661 1062 124 225 227 102 428 65535 167 104 111 123 104 190 167 123 104 117 104 255 210 216 807 65535 283 201 123 104 212 176 182 104 212 322 178 187 104 129 120 706 714 119 144 180 273 242 2073 153 5420120401120649 3661 1062 124 225 227 102 428 65535 167 104 111 123 104 190 167 123 104 117 104 255 210 216 807 65535 283 201 123 104 212 176 182 104 212 322 178 187 104 129 120 706 714 119 144 180 273 242 2073 153 5420120401120649 3661 1062 124 225 227 102 428 65535 167 104 111 123 104 190 167 123 104 117 104 255 386 238 243 109 114 104 117 104 255 342 212 216 807 65535 283 332 203 123 104 212 322 178 182 104 212 322 178 187 104 129 120 706 714 119 144 180 273 242 2073 153 5420120401120649 3661 1062 124 225 227 102 428 65535 167 104 111 123 104 190 167 123 104 117 104 255 210 216 807 65535 283 201 123 104 212 176 182 104 212 322 178 187 104 129 120 706 714 119 144 180 273 242 2073 153 5420120401120649 3661 1062 124 225 227 102 428 65535 167 104 111 123 104 190 167 123 104 119 104 255 210 216 104 212 322 178 187 104 129 120 706 714 119 144 180 273 242 2073 132 5420120401120649 3661 1062 124 225 227 102 428 65535 167 104 111 123 104 190 312 169 123 104 212 322 178 187 104 129 120 706 714 119 144 180 273 242 2073 153 5420120401120650 3661 1062 124 225 227 102 428 65535 167 104 111 123 104 190 167 123 104 117 104 255 210 216 807 65535 283 201 123 104 212 176 182 104 212 322 178 187 104 129 120 706 714 119 144 180 273 242 2073 153 5420120401120650 3661 1062 124 225 227 102 428 65535 167 104 111 123 104 190 167 123 104 212 322 178 187 104 129 120 706 714 119 144 180 273 242 2073 153 5420120401120650 3661 1062 124 225 227 102 428 65535 167 104 111 123 104 190 167 123 104 117 104 255 210 216 807 65535 283 201 123 104 212 176 182 104 212 322 178 187 104 129 120 706 714 119 144 180 273 242 2073 153 5420120401120650 3661 1062 124 225 227 102 428 65535 167 104 111 123 104 190 167 123 104 212 322 178 187 104 129 120 706 714 119 144 180 273 242 2073 153 5420120401120650 3661 1062 124 225 227 102 428 65535 167 104 111 123 104 190 167 123 104 117 104 255 210 216 807 65535 283 201 123 104 212 176 182 104 212 322 178 187 104 129 120 706 714 119 144 180 273 242 2073 153 5420120401120650 3661 1062 124 225 227 102 428 65535 167 104 111 123 104 190 167 123 104 117 104 255 210 216 807 65535 283 201 123 104 212 176 182 104 212 322 178 187 104 129 120 706 714 119 144 180 273 242 2073 153 5420120401120650 3661 1062 124 225 227 102 428 65535 167 104 111 123 104 190 167 123 104 119 104 255 210 216 104 169 302 144 153 104 129 120 706 714 119 144 180 273 242 2073 132 5420120401120650 3661 1062 124 225 227 102 428 65535 167 104 111 123 104 190 167 123 104 117 104 255 210 216 807 65535 283 201 123 104 212 176 182 104 212 322 178 187 104 129 120 706 714 119 144 180 273 242 2073 153 5420120401120650 3661 1062 124 225 227 102 428 65535 167 104 111 123 104 190 167 123 104 117 104 255 210 216 807 65535 283 201 123 104 212 176 182 104 212 322 178 187 104 129 120 706 714 119 144 180 273 242 2073 153 5420120401120650 3661 1062 124 225 227 102 428 65535 167 104 111 123 104 190 167 123 104 117 104 255 210 216 807 65535 283 201 123 104 212 176 182 104 212 322 178 187 104 129 120 706 714 119 144 180 273 242 2073 153 5420120401120650 3661 1062 124 225 227 102 428 65535 167 104 111 123 104 190 167 123 104 117 104 255 210 216 807 65535 283 201 123 104 212 176 182 104 212 322 178 187 104 129 120 706 714 119 144 180 273 242 2073 153 5420120401120650 3661 1062 124 225 227 102 428 65535 167 104 111 123 104 190 167 123 104 117 104 255 210 216 807 65535 283 201 123 104 212 176 182 104 212 322 178 187 104 129 120 706 714 119 144 180 273 242 2073 153 5420120401120650 3661 1062 124 225 227 102 428 65535 167 104 111 123 104 190 167 123 104 117 104 255 210 216 807 65535 283 201 123 104 212 176 182 104 212 322 178 187 104 129 120 706 714 119 144 180 273 242 2073 153 5420120401120650 3661 1062 124 225 227 102 428 65535 167 104 111 123 104 190 167 123 104 117 104 255 210 216 807 65535 283 201 123 104 212 176 182 104 212 322 178 187 104 129 120 706 714 119 144 180 273 242 2073 153 5420120401120650 3661 1062 124 225 227 102 428 65535 167 104 111 123 104 190 167 123 104 117 104 255 210 216 807 65535 283 201 123 104 212 176 182 104 212 322 178 187 104 129 120 706 714 119 144 180 273 242 2073 153 5420120401120650 3661 1062 124 225 227 102 428 65535 167 104 111 123 104 190 167 123 104 117 104 255 210 216 807 65535 283 201 123 104 212 176 182 104 212 322 178 187 104 129 120 706 714 119 144 180 273 242 2073 153 5420120401120650 3661 1062 124 225 227 102 428 65535 167 104 111 123 104 190 167 123 104 117 104 255 210 216 807 65535 283 201 123 104 212 176 182 104 212 322 178 187 104 129 120 706 714 119 144 180 273 242 2073 153 5420120401120650 3661 1062 124 225 227 102 428 65535 167 104 111 123 104 190 167 123 104 117 104 255 210 216 807 65535 283 201 123 104 212 176 182 104 212 322 178 187 104 129 120 706 714 119 144 180 273 242 2073 153 5420120401120650 3661 1062 124 225 227 102 428 65535 167 104 111 123 104 190 167 123 104 212 322 178 187 104 129 120 706 714 119 144 180 273 242 2073 153 5420120401120650 3661 1062 124 225 227 102 428 65535 167 104 111 123 104 190 167 123 104 117 104 255 210 216 807 65535 283 201 123 104 212 176 182 104 212 322 178 187 104 129 120 706 714 119 144 180 273 242 2073 153 5420120401120650 3661 1062 124 225 227 102 428 65535 167 104 111 123 104 190 167 123 104 117 104 255 210 216 807 65535 283 201 123 104 212 176 182 104 212 322 178 187 104 129 120 706 714 119 144 180 273 242 2073 153 5420120401120650 3661 1062 124 225 227 102 428 65535 167 104 111 123 104 190 167 123 104 117 104 255 210 216 807 65535 283 201 123 104 212 176 182 104 212 322 178 187 104 129 120 706 714 119 144 180 273 242 2073 153 5420120401120650 3661 1062 124 225 227 102 428 65535 167 104 111 123 104 190 312 169 123 104 212 322 178 182 104 212 322 178 187 104 129 120 706 714 119 144 180 273 242 2073 153 5420120401120650 3661 1062 124 225 227 102 428 65535 167 104 111 123 104 190 167 123 104 117 104 255 210 216 807 65535 283 201 123 104 212 176 182 104 212 322 178 187 104 129 120 706 714 119 144 180 273 242 2073 153 5420120401120650 3661 1062 124 225 227 102 428 65535 167 104 111 123 104 190 167 123 104 117 104 255 210 216 807 65535 283 201 123 104 212 176 182 104 212 322 178 187 104 129 120 706 714 119 144 180 273 242 2073 153 5420120401120650 3661 1062 124 225 227 102 428 65535 167 104 111 123 104 190 167 123 104 117 104 255 210 216 807 65535 283 201 123 104 212 176 182 104 212 322 178 187 104 129 120 706 714 119 144 180 273 242 2073 153 5420120401120650 3661 1062 124 225 227 102 428 65535 167 104 111 123 104 190 167 123 104 117 104 255 210 216 807 65535 283 201 123 104 212 176 182 104 212 322 178 187 104 129 120 706 714 119 144 180 273 242 2073 153 5420120401120650 3661 1062 124 225 227 102 428 65535 167 104 111 123 104 190 167 123 104 117 104 255 210 216 807 65535 283 201 123 104 212 176 182 104 212 322 178 187 104 129 120 706 714 119 144 180 273 242 2073 153 5420120401120650 3661 1062 124 225 227 102 428 65535 167 104 111 123 104 190 167 123 104 119 104 255 210 216 104 169 302 144 153 104 129 120 706 714 119 144 180 273 242 2073 132 5420120401120650 3661 1062 124 225 227 102 428 65535 167 104 111 123 104 190 167 123 104 117 104 255 210 216 807 65535 283 201 123 104 212 176 182 104 212 322 178 187 104 129 120 706 714 119 144 180 273 242 2073 153 5420120401120650 3661 1062 124 225 227 102 428 65535 312 169 104 111 123 104 190 312 169 123 104 117 104 255 342 212 216 807 65535 283 332 203 123 104 212 322 178 182 104 212 322 178 187 104 129 120 706 714 119 144 180 273 242 2073 153 5420120401120650 3661 1062 124 225 227 102 428 65535 167 104 111 123 104 190 167 123 104 117 104 255 210 216 807 65535 283 201 123 104 212 176 182 104 212 322 178 187 104 129 120 706 714 119 144 180 273 242 2073 153 5420120401120650 3661 1062 124 225 227 102 428 65535 167 104 111 123 104 190 167 123 104 117 104 255 210 216 807 65535 283 201 123 104 212 176 182 104 212 322 178 187 104 129 120 706 714 119 144 180 273 242 2073 153 5420120401120650 3661 1062 124 225 227 102 428 65535 167 104 111 123 104 190 167 123 104 117 104 255 210 216 807 65535 283 201 123 104 212 176 182 104 212 322 178 187 104 129 120 706 714 119 144 180 273 242 2073 153 5420120401120650 3661 1062 124 225 227 102 428 65535 167 104 111 123 104 190 167 123 104 117 104 255 210 216 807 65535 283 201 123 104 212 176 182 104 212 322 178 187 104 129 120 706 714 119 144 180 273 242 2073 153 5420120401120650 3661 1062 124 225 227 102 428 65535 167 104 111 123 104 190 312 169 123 104 119 104 255 342 212 216 104 169 302 144 153 104 129 120 706 714 119 144 180 273 242 2073 132 5420120401120650 3661 1062 124 225 227 102 428 65535 167 104 111 123 104 190 167 123 104 117 104 255 210 216 807 65535 283 201 123 104 212 176 182 104 212 322 178 187 104 129 120 706 714 119 144 180 273 242 2073 153 5420120401120650 3661 1062 124 225 227 102 428 65535 167 104 111 123 104 190 312 169 123 104 212 322 178 187 104 129 120 706 714 119 144 180 273 242 2073 153 5420120401120650 3661 1062 124 225 227 102 428 65535 167 104 111 123 104 190 167 123 104 117 104 255 210 216 807 65535 283 201 123 104 212 176 182 104 212 322 178 187 104 129 120 706 714 119 144 180 273 242 2073 153 5420120401120650 3661 1062 124 225 227 102 428 65535 167 104 111 123 104 190 167 123 104 117 104 255 386 238 243 109 102 104 255 342 212 216 807 65535 283 332 203 123 104 212 322 178 182 104 212 322 178 187 104 129 120 706 714 119 144 180 273 242 2073 153 5420120401120650 3661 1062 124 225 227 102 428 65535 167 104 111 123 104 190 167 123 104 119 104 255 210 216 104 169 302 144 153 104 129 120 706 714 119 144 180 273 242 2073 132 5420120401120650 3661 1062 124 225 227 102 428 65535 167 104 111 123 104 190 167 123 104 117 104 255 210 216 807 65535 283 201 123 104 212 176 182 104 212 322 178 187 104 129 120 706 714 119 144 180 273 242 2073 153 5420120401120650 3661 1062 124 225 227 102 428 65535 167 104 111 123 104 190 167 123 104 117 104 255 210 216 807 65535 283 201 123 104 212 176 182 104 212 322 178 187 104 129 120 706 714 119 144 180 273 242 2073 153 5420120401120650 3661 1062 124 225 227 102 428 65535 167 104 111 123 104 190 167 123 104 117 104 255 210 216 807 65535 283 201 123 104 212 176 182 104 212 322 178 187 104 129 120 706 714 119 144 180 273 242 2073 153 5420120401120650 3661 1062 124 225 227 102 428 65535 167 104 111 123 104 190 167 123 104 117 104 255 210 216 807 65535 283 201 123 104 212 176 182 104 212 322 178 187 104 129 120 706 714 119 144 180 273 242 2073 153 5420120401120650 3661 1062 124 225 227 102 428 65535 167 104 111 123 104 190 167 123 104 117 104 255 210 216 807 65535 283 201 123 104 212 176 182 104 212 322 178 187 104 129 120 706 714 119 144 180 273 242 2073 153 5420120401120650 3661 1062 124 225 227 102 428 65535 167 104 111 123 104 190 167 123 104 117 104 255 210 216 807 65535 283 201 123 104 212 176 182 104 212 322 178 187 104 129 120 706 714 119 144 180 273 242 2073 153 5420120401120650 3661 1062 124 225 227 102 428 65535 167 104 111 123 104 190 167 123 104 117 104 255 210 216 807 65535 283 201 123 104 212 176 182 104 212 322 178 187 104 129 120 706 714 119 144 180 273 242 2073 153 5420120401120650 3661 1062 124 225 227 102 428 65535 167 104 111 123 104 190 167 123 104 212 322 178 187 104 129 120 706 714 119 144 180 273 242 2073 153 5420120401120650 3661 1062 124 225 227 102 428 65535 167 104 111 123 104 190 167 123 104 117 104 255 210 216 807 65535 283 201 123 104 212 176 182 104 212 322 178 187 104 129 120 706 714 119 144 180 273 242 2073 153 5420120401120650 3661 1062 124 225 227 102 428 65535 167 104 111 123 104 190 167 123 104 117 104 255 210 216 807 65535 283 201 123 104 212 176 182 104 212 322 178 187 104 129 120 706 714 119 144 180 273 242 2073 153 5420120401120650 3661 1062 124 225 227 102 428 65535 167 104 111 123 104 190 167 123 104 117 104 255 210 216 807 65535 283 201 123 104 212 176 182 104 212 322 178 187 104 129 120 706 714 119 144 180 273 242 2073 153 5420120401120650 3661 1062 124 225 227 102 428 65535 167 104 111 123 104 190 167 123 104 117 104 255 210 216 807 65535 283 201 123 104 212 176 182 104 212 322 178 187 104 129 120 706 714 119 144 180 273 242 2073 153 5420120401120650 3661 1062 124 225 227 102 428 65535 167 104 111 123 104 190 167 123 104 117 104 255 210 216 807 65535 283 201 123 104 212 176 182 104 212 322 178 187 104 129 120 706 714 119 144 180 273 242 2073 153 5420120401120650 3661 1062 124 225 227 102 428 65535 167 104 111 123 104 190 167 123 104 117 104 255 386 238 243 109 114 104 117 104 255 342 212 216 807 65535 283 332 203 123 104 212 322 178 182 104 212 322 178 187 104 129 120 706 714 119 144 180 273 242 2073 153 5420120401120650 3661 1062 124 225 227 102 428 65535 167 104 111 123 104 190 167 123 104 117 104 255 210 216 807 65535 283 201 123 104 212 176 182 104 212 322 178 187 104 129 120 706 714 119 144 180 273 242 2073 153 5420120401120650 3661 1062 124 225 227 102 428 65535 167 104 111 123 104 190 167 123 104 117 104 255 210 216 807 65535 283 201 123 104 212 176 182 104 212 322 178 187 104 129 120 706 714 119 144 180 273 242 2073 153 5420120401120650 3661 1062 124 225 227 102 428 65535 167 104 111 123 104 190 167 123 104 117 104 255 236 243 109 102 104 255 210 216 807 65535 283 201 123 104 212 176 182 104 212 322 178 187 104 129 120 706 714 119 144 180 273 242 2073 153 5420120401120650 3661 1062 124 225 227 102 428 65535 167 104 111 123 104 190 167 123 104 119 104 255 210 216 104 169 302 144 153 104 129 120 706 714 119 144 180 273 242 2073 132 5420120401120650 3661 1062 124 225 227 102 428 65535 167 104 111 123 104 190 167 123 104 212 322 178 187 104 129 120 706 714 119 144 180 273 242 2073 153 5420120401120650 3661 1062 124 225 227 102 428 65535 167 104 111 123 104 190 167 123 104 212 322 178 187 104 129 120 706 714 119 144 180 273 242 2073 153 5420120401120650 3661 1062 124 225 227 102 428 65535 167 104 111 123 104 190 167 123 104 119 104 255 210 216 104 212 322 178 187 104 129 120 706 714 119 144 180 273 242 2073 132 5420120401120650 3661 1062 124 225 227 102 428 65535 167 104 111 123 104 190 167 123 104 117 104 255 210 216 807 65535 283 201 123 104 212 176 182 104 212 322 178 187 104 129 120 706 714 119 144 180 273 242 2073 153 5420120401120650 3661 1062 124 225 227 102 428 65535 167 104 111 123 104 190 167 123 104 117 104 255 210 216 807 65535 283 201 123 104 212 176 182 104 212 322 178 187 104 129 120 706 714 119 144 180 273 242 2073 153 5420120401120650 3661 1062 124 225 227 102 428 65535 167 104 111 123 104 190 167 123 104 117 104 255 210 216 807 65535 283 201 123 104 212 176 182 104 212 322 178 187 104 129 120 706 714 119 144 180 273 242 2073 153 5420120401120650 3661 1062 124 225 227 102 428 65535 167 104 111 123 104 190 167 123 104 117 104 255 210 216 807 65535 283 201 123 104 212 176 182 104 212 322 178 187 104 129 120 706 714 119 144 180 273 242 2073 153 5420120401120650 3661 1062 124 225 227 102 428 65535 167 104 111 123 104 190 167 123 104 117 104 255 210 216 807 65535 283 201 123 104 212 176 182 104 212 322 178 187 104 129 120 706 714 119 144 180 273 242 2073 153 5420120401120650 3661 1062 124 225 227 102 428 65535 167 104 111 123 104 190 167 123 104 117 104 255 210 216 807 65535 283 201 123 104 212 176 182 104 212 322 178 187 104 129 120 706 714 119 144 180 273 242 2073 153 5420120401120650 3661 1062 124 225 227 102 428 65535 167 104 111 123 104 190 167 123 104 117 104 255 210 216 807 65535 283 201 123 104 212 176 182 104 212 322 178 187 104 129 120 706 714 119 144 180 273 242 2073 153 5420120401120650 3661 1062 124 225 227 102 428 65535 167 104 111 123 104 190 167 123 104 117 104 255 210 216 807 65535 283 201 123 104 212 176 182 104 212 322 178 187 104 129 120 706 714 119 144 180 273 242 2073 153 5420120401120650 3661 1062 124 225 227 102 428 65535 167 104 111 123 104 190 167 123 104 212 322 178 187 104 129 120 706 714 119 144 180 273 242 2073 153 5420120401120650 3661 1062 124 225 227 102 428 65535 167 104 111 123 104 190 167 123 104 117 104 255 236 243 109 102 104 255 210 216 807 65535 283 201 123 104 212 176 182 104 212 322 178 187 104 129 120 706 714 119 144 180 273 242 2073 153 5420120401120650 3661 1062 124 225 227 102 428 65535 167 104 111 123 104 190 167 123 104 119 104 255 210 216 104 212 322 178 187 104 129 120 706 714 119 144 180 273 242 2073 132 5420120401120650 3661 1062 124 225 227 102 428 65535 167 104 111 123 104 190 167 123 104 117 104 255 210 216 807 65535 283 201 123 104 212 176 182 104 212 322 178 187 104 129 120 706 714 119 144 180 273 242 2073 153 5420120401120650 3661 1062 124 225 227 102 428 65535 167 104 111 123 104 190 167 123 104 212 322 178 187 104 129 120 706 714 119 144 180 273 242 2073 153 5420120401120650 3661 1062 124 225 227 102 428 65535 167 104 111 123 104 190 167 123 104 117 104 255 210 216 807 65535 283 201 123 104 212 176 182 104 212 322 178 187 104 129 120 706 714 119 144 180 273 242 2073 153 5420120401120650 3661 1062 124 225 227 102 428 65535 167 104 111 123 104 190 167 123 104 117 104 255 210 216 807 65535 283 201 123 104 212 176 182 104 212 322 178 187 104 129 120 706 714 119 144 180 273 242 2073 153 5420120401120650 3661 1062 124 225 227 102 428 65535 167 104 111 123 104 190 167 123 104 117 104 255 210 216 807 65535 283 201 123 104 212 176 182 104 212 322 178 187 104 129 120 706 714 119 144 180 273 242 2073 153 5420120401120650 3661 1062 124 225 227 102 428 65535 167 104 111 123 104 190 167 123 104 117 104 255 210 216 807 65535 283 201 123 104 212 176 182 104 212 322 178 187 104 129 120 706 714 119 144 180 273 242 2073 153 5420120401120650 3661 1062 124 225 227 102 428 65535 167 104 111 123 104 190 167 123 104 117 104 255 210 216 807 65535 283 201 123 104 212 176 182 104 212 322 178 187 104 129 120 706 714 119 144 180 273 242 2073 153 5420120401120650 3661 1062 124 225 227 102 428 65535 167 104 111 123 104 190 167 123 104 212 322 178 187 104 129 120 706 714 119 144 180 273 242 2073 153 5420120401120650 3661 1062 124 225 227 102 428 65535 167 104 111 123 104 190 167 123 104 117 104 255 210 216 807 65535 283 201 123 104 212 176 182 104 212 322 178 187 104 129 120 706 714 119 144 180 273 242 2073 153 5420120401120650 3661 1062 124 225 227 102 428 65535 167 104 111 123 104 190 167 123 104 117 104 255 210 216 807 65535 283 201 123 104 212 176 182 104 212 322 178 187 104 129 120 706 714 119 144 180 273 242 2073 153 5420120401120650 3661 1062 124 225 227 102 428 65535 167 104 111 123 104 190 167 123 104 117 104 255 210 216 807 65535 283 201 123 104 212 176 182 104 212 322 178 187 104 129 120 706 714 119 144 180 273 242 2073 153 5420120401120650 3661 1062 124 225 227 102 428 65535 167 104 111 123 104 190 167 123 104 117 104 255 210 216 807 65535 283 201 123 104 212 176 182 104 212 322 178 187 104 129 120 706 714 119 144 180 273 242 2073 153 5420120401120650 3661 1062 124 225 227 102 428 65535 167 104 111 123 104 190 167 123 104 117 104 255 210 216 807 65535 283 201 123 104 212 176 182 104 212 322 178 187 104 129 120 706 714 119 144 180 273 242 2073 153 5420120401120650 3661 1062 124 225 227 102 428 65535 167 104 111 123 104 190 167 123 104 119 104 255 210 216 104 169 302 144 153 104 129 120 706 714 119 144 180 273 242 2073 132 5420120401120650 3661 1062 124 225 227 102 428 65535 167 104 111 123 104 190 167 123 104 117 104 255 210 216 807 65535 283 201 123 104 212 176 182 104 212 322 178 187 104 129 120 706 714 119 144 180 273 242 2073 153 5420120401120650 3661 1062 124 225 227 102 428 65535 167 104 111 123 104 190 167 123 104 117 104 255 210 216 807 65535 283 201 123 104 212 176 182 104 212 322 178 187 104 129 120 706 714 119 144 180 273 242 2073 153 5420120401120650 3661 1062 124 225 227 102 428 65535 167 104 111 123 104 190 167 123 104 117 104 255 210 216 807 65535 283 201 123 104 212 176 182 104 212 322 178 187 104 129 120 706 714 119 144 180 273 242 2073 153 5420120401120650 3661 1062 124 225 227 102 428 65535 167 104 111 123 104 190 167 123 104 119 104 255 210 216 104 169 302 144 153 104 129 120 706 714 119 144 180 273 242 2073 132 5420120401120650 3661 1062 124 225 227 102 428 65535 167 104 111 123 104 190 167 123 104 117 104 255 210 216 807 65535 283 201 123 104 212 176 182 104 212 322 178 187 104 129 120 706 714 119 144 180 273 242 2073 153 5420120401120650 3661 1062 124 225 227 102 428 65535 167 104 111 123 104 190 167 123 104 117 104 255 210 216 807 65535 283 201 123 104 212 176 182 104 212 322 178 187 104 129 120 706 714 119 144 180 273 242 2073 153 5420120401120650 3661 1062 124 225 227 102 428 65535 167 104 111 123 104 190 167 123 104 117 104 255 210 216 807 65535 283 201 123 104 212 176 182 104 212 322 178 187 104 129 120 706 714 119 144 180 273 242 2073 153 5420120401120651 3661 1062 124 225 227 102 428 65535 167 104 111 123 104 190 167 123 104 117 104 255 210 216 807 65535 283 201 123 104 212 176 182 104 212 322 178 187 104 129 120 706 714 119 144 180 273 242 2073 153 5420120401120651 3661 1062 124 225 227 102 428 65535 167 104 111 123 104 190 167 123 104 117 104 255 210 216 807 65535 283 201 123 104 212 176 182 104 212 322 178 187 104 129 120 706 714 119 144 180 273 242 2073 153 5420120401120651 3661 1062 124 225 227 102 428 65535 167 104 111 123 104 190 167 123 104 117 104 255 236 243 109 114 104 117 104 255 210 216 807 65535 283 201 123 104 212 176 182 104 212 322 178 187 104 129 120 706 714 119 144 180 273 242 2073 153 5420120401120651 3661 1062 124 225 227 102 428 65535 167 104 111 123 104 190 167 123 104 117 104 255 210 216 807 65535 283 201 123 104 212 176 182 104 212 322 178 187 104 129 120 706 714 119 144 180 273 242 2073 153 5420120401120651 3661 1062 124 225 227 102 428 65535 167 104 111 123 104 190 167 123 104 117 104 255 210 216 807 65535 283 201 123 104 212 176 182 104 212 322 178 187 104 129 120 706 714 119 144 180 273 242 2073 153 5420120401120651 3661 1062 124 225 227 102 428 65535 167 104 111 123 104 190 167 123 104 212 322 178 187 104 129 120 706 714 119 144 180 273 242 2073 153 5420120401120651 3661 1062 124 225 227 102 428 65535 167 104 111 123 104 190 167 123 104 117 104 255 210 216 807 65535 283 201 123 104 212 176 182 104 212 322 178 187 104 129 120 706 714 119 144 180 273 242 2073 153 5420120401120651 3661 1062 124 225 227 102 428 65535 167 104 111 123 104 190 167 123 104 117 104 255 210 216 807 65535 283 201 123 104 212 176 182 104 212 322 178 187 104 129 120 706 714 119 144 180 273 242 2073 153 5420120401120651 3661 1062 124 225 227 102 428 65535 167 104 111 123 104 190 167 123 104 117 104 255 210 216 807 65535 283 201 123 104 212 176 182 104 212 322 178 187 104 129 120 706 714 119 144 180 273 242 2073 153 5420120401120651 3661 1062 124 225 227 102 428 65535 167 104 111 123 104 190 167 123 104 212 322 178 187 104 129 120 706 714 119 144 180 273 242 2073 153 5420120401120651 3661 1062 124 225 227 102 428 65535 167 104 111 123 104 190 167 123 104 117 104 255 210 216 807 65535 283 201 123 104 212 176 182 104 212 322 178 187 104 129 120 706 714 119 144 180 273 242 2073 153 5420120401120651 3661 1062 124 225 227 102 428 65535 167 104 111 123 104 190 167 123 104 117 104 255 210 216 807 65535 283 201 123 104 212 176 182 104 212 322 178 187 104 129 120 706 714 119 144 180 273 242 2073 153 5420120401120651 3661 1062 124 225 227 102 428 65535 167 104 111 123 104 190 167 123 104 117 104 255 210 216 807 65535 283 201 123 104 212 176 182 104 212 322 178 187 104 129 120 706 714 119 144 180 273 242 2073 153 5420120401120651 3661 1062 124 225 227 102 428 65535 167 104 111 123 104 190 167 123 104 117 104 255 210 216 807 65535 283 201 123 104 212 176 182 104 212 322 178 187 104 129 120 706 714 119 144 180 273 242 2073 153 5420120401120651 3661 1062 124 225 227 102 428 65535 167 104 111 123 104 190 167 123 104 212 322 178 187 104 129 120 706 714 119 144 180 273 242 2073 153 5420120401120651 3661 180 1062 124 225 227 102 428 65535 167 104 111 123 104 190 167 123 104 117 104 255 386 238 243 109 114 104 117 104 255 342 212 216 807 65535 283 332 203 123 104 212 322 178 182 104 212 322 178 187 104 129 120 706 714 119 144 180 273 242 2073 153 5420120401120651 3661 1062 124 225 227 102 428 65535 167 104 111 123 104 190 167 123 104 117 104 255 236 243 109 114 104 117 104 255 210 216 807 65535 283 201 123 104 212 176 182 104 212 322 178 187 104 129 120 706 714 119 144 180 273 242 2073 153 5420120401120651 3661 1062 124 225 227 102 428 65535 167 104 111 123 104 190 167 123 104 212 322 178 187 104 129 120 706 714 119 144 180 273 242 2073 153 5420120401120651 3661 1062 124 225 227 102 428 65535 167 104 111 123 104 190 167 123 104 212 322 178 187 104 129 120 706 714 119 144 180 273 242 2073 153 5420120401120651 3661 1062 124 225 227 102 428 65535 167 104 111 123 104 190 167 123 104 117 104 255 210 216 807 65535 283 201 123 104 212 176 182 104 212 322 178 187 104 129 120 706 714 119 144 180 273 242 2073 153 5420120401120651 3661 1062 124 225 227 102 428 65535 167 104 111 123 104 190 167 123 104 212 322 178 187 104 129 120 706 714 119 144 180 273 242 2073 153 5420120401120651 3661 1062 124 225 227 102 428 65535 167 104 111 123 104 190 167 123 104 212 322 178 187 104 129 120 706 714 119 144 180 273 242 2073 153 5420120401120651 3661 1062 124 225 227 102 428 65535 167 104 111 123 104 190 167 123 104 117 104 255 210 216 807 65535 283 201 123 104 212 176 182 104 212 322 178 187 104 129 120 706 714 119 144 180 273 242 2073 153 5420120401120651 3661 1062 124 225 227 102 428 65535 167 104 111 123 104 190 167 123 104 117 104 255 210 216 807 65535 283 201 123 104 212 176 182 104 212 322 178 187 104 129 120 706 714 119 144 180 273 242 2073 153 5420120401120651 3661 1062 124 225 227 102 428 65535 167 104 111 123 104 190 167 123 104 212 322 178 187 104 129 120 706 714 119 144 180 273 242 2073 153 5420120401120651 3661 1062 124 225 227 102 428 65535 167 104 111 123 104 190 167 123 104 212 322 178 187 104 129 120 706 714 119 144 180 273 242 2073 153 5420120401120651 3661 1062 124 225 227 102 428 65535 167 104 111 123 104 190 167 123 104 117 104 255 236 243 109 114 104 117 104 255 210 216 807 65535 283 201 123 104 212 176 182 104 212 322 178 187 104 129 120 706 714 119 144 180 273 242 2073 153 5420120401120651 3661 1062 124 225 227 102 428 65535 167 104 111 123 104 190 312 169 123 104 212 322 178 182 104 212 322 178 187 104 129 120 706 714 119 144 180 273 242 2073 153 5420120401120651 3661 1062 124 225 227 102 428 65535 167 104 111 123 104 190 167 123 104 117 104 255 236 243 109 102 104 255 210 216 807 65535 283 201 123 104 212 176 182 104 212 322 178 187 104 112 374 347 304 130 1596 1603 65535 302 144 153 104 112 374 260 117 1152 594 1139 1150 1170 65535 302 144 153 104 129 120 706 714 119 144 180 273 242 2073 153 5420120401120651 3661 1062 124 225 227 102 428 65535 167 104 111 123 104 190 167 123 104 212 322 178 187 104 129 120 706 714 119 144 180 273 242 2073 153 5420120401120651 3661 1062 124 225 227 102 428 65535 167 104 111 123 104 190 167 123 104 117 104 255 236 243 109 102 104 255 210 216 807 65535 283 201 123 104 212 176 182 104 212 322 178 187 104 129 120 706 714 119 144 180 273 242 2073 153 5420120401120651 3661 1062 124 225 227 102 428 65535 167 104 111 123 104 190 167 123 104 119 104 255 210 216 104 169 302 144 153 104 129 120 706 714 119 144 180 273 242 2073 132 5420120401120651 3661 1062 124 225 227 102 428 65535 167 104 111 123 104 190 167 123 104 212 322 178 187 104 129 120 706 714 119 144 180 273 242 2073 153 5420120401120651 3661 1062 124 225 227 102 428 65535 167 104 111 123 104 190 167 123 104 212 322 178 187 104 129 120 706 714 119 144 180 273 242 2073 153 5420120401120651 3661 1062 124 225 227 102 428 65535 167 104 111 123 104 190 167 123 104 117 104 255 210 216 807 65535 283 201 123 104 212 176 182 104 212 322 178 187 104 129 120 706 714 119 144 180 273 242 2073 153 5420120401120651 3661 1062 124 225 227 102 428 65535 167 104 111 123 104 190 167 123 104 117 104 255 210 216 807 65535 283 201 123 104 212 176 182 104 212 322 178 187 104 129 120 706 714 119 144 180 273 242 2073 153 5420120401120651 3661 1062 124 225 227 102 428 65535 167 104 111 123 104 190 167 123 104 117 104 255 210 216 807 65535 283 201 123 104 212 176 182 104 212 322 178 187 104 129 120 706 714 119 144 180 273 242 2073 153 5420120401120651 3661 1062 124 225 227 102 428 65535 167 104 111 123 104 190 167 123 104 117 104 255 210 216 807 65535 283 201 123 104 212 176 182 104 212 322 178 187 104 129 120 706 714 119 144 180 273 242 2073 153 5420120401120651 3661 1062 124 225 227 102 428 65535 167 104 111 123 104 190 167 123 104 117 104 255 210 216 807 65535 283 201 123 104 212 176 182 104 212 322 178 187 104 129 120 706 714 119 144 180 273 242 2073 153 5420120401120651 3661 1062 124 225 227 102 428 65535 167 104 111 123 104 190 167 123 104 119 104 255 210 216 104 169 302 144 153 104 129 120 706 714 119 144 180 273 242 2073 132 5420120401120651 3661 1062 124 225 227 102 428 65535 167 104 111 123 104 190 167 123 104 117 104 255 210 216 807 65535 283 201 123 104 212 176 182 104 212 322 178 187 104 129 120 706 714 119 144 180 273 242 2073 153 5420120401120651 3661 1062 124 225 227 102 428 65535 167 104 111 123 104 190 167 123 104 117 104 255 210 216 807 65535 283 201 123 104 212 176 182 104 212 322 178 187 104 129 120 706 714 119 144 180 273 242 2073 153 5420120401120651 3661 1062 124 225 227 102 428 65535 167 104 111 123 104 190 167 123 104 117 104 255 210 216 807 65535 283 201 123 104 212 176 182 104 212 322 178 187 104 129 120 706 714 119 144 180 273 242 2073 153 5420120401120651 3661 1062 124 225 227 102 428 65535 167 104 111 123 104 190 167 123 104 117 104 255 210 216 807 65535 283 201 123 104 212 176 182 104 212 322 178 187 104 129 120 706 714 119 144 180 273 242 2073 153 5420120401120651 3661 1062 124 225 227 102 428 65535 167 104 111 123 104 190 167 123 104 117 104 255 210 216 807 65535 283 201 123 104 212 176 182 104 212 322 178 187 104 129 120 706 714 119 144 180 273 242 2073 153 5420120401120651 3661 1062 124 225 227 102 428 65535 167 104 111 123 104 190 167 123 104 212 322 178 187 104 129 120 706 714 119 144 180 273 242 2073 153 5420120401120651 3661 1062 124 225 227 102 428 65535 167 104 111 123 104 190 167 123 104 117 104 255 210 216 807 65535 283 201 123 104 212 176 182 104 212 322 178 187 104 129 120 706 714 119 144 180 273 242 2073 153 5420120401120651 3661 1062 124 225 227 102 428 65535 167 104 111 123 104 190 167 123 104 117 104 255 210 216 807 65535 283 201 123 104 212 176 182 104 212 322 178 187 104 129 120 706 714 119 144 180 273 242 2073 153 5420120401120651 3661 1062 124 225 227 102 428 65535 167 104 111 123 104 190 167 123 104 117 104 255 210 216 807 65535 283 201 123 104 212 176 182 104 212 322 178 187 104 129 120 706 714 119 144 180 273 242 2073 153 5420120401120651 3661 1062 124 225 227 102 428 65535 167 104 111 123 104 190 167 123 104 212 322 178 187 104 129 120 706 714 119 144 180 273 242 2073 153 5420120401120651 3661 1062 124 225 227 102 428 65535 167 104 111 123 104 190 167 123 104 119 104 255 210 216 104 169 302 144 153 104 129 120 706 714 119 144 180 273 242 2073 132 5420120401120651 3661 1062 124 225 227 102 428 65535 167 104 111 123 104 190 167 123 104 117 104 255 210 216 807 65535 283 201 123 104 212 176 182 104 212 322 178 187 104 129 120 706 714 119 144 180 273 242 2073 153 5420120401120651 3661 1062 124 225 227 102 428 65535 167 104 111 123 104 190 167 123 104 117 104 255 210 216 807 65535 283 201 123 104 212 176 182 104 212 322 178 187 104 129 120 706 714 119 144 180 273 242 2073 153 5420120401120651 3661 1062 124 225 227 102 428 65535 167 104 111 123 104 190 167 123 104 117 104 255 210 216 807 65535 283 201 123 104 212 176 182 104 212 322 178 187 104 129 120 706 714 119 144 180 273 242 2073 153 5420120401120651 3661 1062 124 225 227 102 428 65535 312 169 104 111 123 104 190 312 169 123 104 117 104 255 342 212 216 807 65535 283 332 203 123 104 212 322 178 182 104 212 322 178 187 104 129 120 706 714 119 144 180 273 242 2073 153 5420120401120651 3661 1062 124 225 227 102 428 65535 167 104 111 123 104 190 167 123 104 117 104 255 210 216 807 65535 283 201 123 104 212 176 182 104 212 322 178 187 104 129 120 706 714 119 144 180 273 242 2073 153 5420120401120651 3661 1062 124 225 227 102 428 65535 167 104 111 123 104 190 167 123 104 117 104 255 210 216 807 65535 283 201 123 104 212 176 182 104 212 322 178 187 104 129 120 706 714 119 144 180 273 242 2073 153 5420120401120651 3661 1062 124 225 227 102 428 65535 167 104 111 123 104 190 167 123 104 117 104 255 210 216 807 65535 283 201 123 104 212 176 182 104 212 322 178 187 104 129 120 706 714 119 144 180 273 242 2073 153 5420120401120651 3661 1062 124 225 227 102 428 65535 167 104 111 123 104 190 167 123 104 117 104 255 210 216 807 65535 283 201 123 104 212 176 182 104 212 322 178 187 104 129 120 706 714 119 144 180 273 242 2073 153 5420120401120651 3661 1062 124 225 227 102 428 65535 167 104 111 123 104 190 167 123 104 117 104 255 210 216 807 65535 283 201 123 104 212 176 182 104 212 322 178 187 104 129 120 706 714 119 144 180 273 242 2073 153 5420120401120651 3661 1062 124 225 227 102 428 65535 167 104 111 123 104 190 167 123 104 117 104 255 210 216 807 65535 283 201 123 104 212 176 182 104 212 322 178 187 104 129 120 706 714 119 144 180 273 242 2073 153 5420120401120651 3661 1062 124 225 227 102 428 65535 167 104 111 123 104 190 167 123 104 117 104 255 210 216 807 65535 283 201 123 104 212 176 182 104 212 322 178 187 104 129 120 706 714 119 144 180 273 242 2073 153 5420120401120651 3661 1062 124 225 227 102 428 65535 167 104 111 123 104 190 167 123 104 117 104 255 210 216 807 65535 283 201 123 104 212 176 182 104 212 322 178 187 104 129 120 706 714 119 144 180 273 242 2073 153 5420120401120651 3661 1062 124 225 227 102 428 65535 167 104 111 123 104 190 167 123 104 117 104 255 210 216 807 65535 283 201 123 104 212 176 182 104 212 322 178 187 104 129 120 706 714 119 144 180 273 242 2073 153 5420120401120651 3661 1062 124 225 227 102 428 65535 167 104 111 123 104 190 167 123 104 117 104 255 210 216 807 65535 283 201 123 104 212 176 182 104 212 322 178 187 104 129 120 706 714 119 144 180 273 242 2073 153 5420120401120651 3661 1062 124 225 227 102 428 65535 167 104 111 123 104 190 312 169 123 104 212 322 178 187 104 129 120 706 714 119 144 180 273 242 2073 153 5420120401120651 3661 1062 124 225 227 102 428 65535 167 104 111 123 104 190 167 123 104 212 322 178 187 104 129 120 706 714 119 144 180 273 242 2073 153 5420120401120651 3661 1062 124 225 227 102 428 65535 167 104 111 123 104 190 312 169 123 104 119 104 255 342 212 216 104 212 322 178 187 104 129 120 706 714 119 144 180 273 242 2073 132 5420120401120651 3661 1062 124 225 227 102 428 65535 167 104 111 123 104 190 167 123 104 117 104 255 210 216 807 65535 283 201 123 104 212 176 182 104 212 322 178 187 104 129 120 706 714 119 144 180 273 242 2073 153 5420120401120651 3661 1062 124 225 227 102 428 65535 167 104 111 123 104 190 167 123 104 117 104 255 210 216 807 65535 283 201 123 104 212 176 182 104 212 322 178 187 104 129 120 706 714 119 144 180 273 242 2073 153 5420120401120652 3661 1062 124 225 227 102 428 65535 167 104 111 123 104 190 167 123 104 212 322 178 187 104 129 120 706 714 119 144 180 273 242 2073 153 5420120401120652 3661 1062 124 225 227 102 428 65535 167 104 111 123 104 190 167 123 104 117 104 255 210 216 807 65535 283 201 123 104 212 176 182 104 212 322 178 187 104 129 120 706 714 119 144 180 273 242 2073 153 5420120401120652 3661 1062 124 225 227 102 428 65535 167 104 111 123 104 190 167 123 104 117 104 255 210 216 807 65535 283 201 123 104 212 176 182 104 212 322 178 187 104 129 120 706 714 119 144 180 273 242 2073 153 5420120401120652 3661 1062 124 225 227 102 428 65535 167 104 111 123 104 190 167 123 104 117 104 255 210 216 807 65535 283 201 123 104 212 176 182 104 212 322 178 187 104 129 120 706 714 119 144 180 273 242 2073 153 5420120401120652 3661 1062 124 225 227 102 428 65535 167 104 111 123 104 190 167 123 104 212 322 178 187 104 129 120 706 714 119 144 180 273 242 2073 153 5420120401120652 3661 1062 124 225 227 102 428 65535 167 104 111 123 104 190 167 123 104 117 104 255 210 216 807 65535 283 201 123 104 212 176 182 104 212 322 178 187 104 129 120 706 714 119 144 180 273 242 2073 153 5420120401120652 3661 1062 124 225 227 102 428 65535 167 104 111 123 104 190 167 123 104 117 104 255 210 216 807 65535 283 201 123 104 212 176 182 104 212 322 178 187 104 129 120 706 714 119 144 180 273 242 2073 153 5420120401120652 3661 1062 124 225 227 102 428 65535 167 104 111 123 104 190 167 123 104 117 104 255 210 216 807 65535 283 201 123 104 212 176 182 104 212 322 178 187 104 129 120 706 714 119 144 180 273 242 2073 153 5420120401120652 3661 1062 124 225 227 102 428 65535 167 104 111 123 104 190 167 123 104 117 104 255 210 216 807 65535 283 201 123 104 212 176 182 104 212 322 178 187 104 129 120 706 714 119 144 180 273 242 2073 153 5420120401120652 3661 1062 124 225 227 102 428 65535 167 104 111 123 104 190 167 123 104 212 322 178 187 104 129 120 706 714 119 144 180 273 242 2073 153 5420120401120652 3661 1062 124 225 227 102 428 65535 167 104 111 123 104 190 167 123 104 117 104 255 210 216 807 65535 283 201 123 104 212 176 182 104 212 322 178 187 104 129 120 706 714 119 144 180 273 242 2073 153 5420120401120652 3661 1062 124 225 227 102 428 65535 167 104 111 123 104 190 167 123 104 117 104 255 210 216 807 65535 283 201 123 104 212 176 182 104 212 322 178 187 104 129 120 706 714 119 144 180 273 242 2073 153 5420120401120652 3661 1062 124 225 227 102 428 65535 167 104 111 123 104 190 167 123 104 119 104 255 210 216 104 169 302 144 153 104 129 120 706 714 119 144 180 273 242 2073 132 5420120401120652 3661 1062 124 225 227 102 428 65535 167 104 111 123 104 190 167 123 104 117 104 255 210 216 807 65535 283 201 123 104 212 176 182 104 212 322 178 187 104 129 120 706 714 119 144 180 273 242 2073 153 5420120401120652 3661 1062 124 225 227 102 428 65535 167 104 111 123 104 190 167 123 104 117 104 255 386 238 243 109 102 104 255 342 212 216 807 65535 283 332 203 123 104 212 322 178 182 104 212 322 178 187 104 129 120 706 714 119 144 180 273 242 2073 153 5420120401120652 3661 1062 124 225 227 102 428 65535 167 104 111 123 104 190 167 123 104 117 104 255 210 216 807 65535 283 201 123 104 212 176 182 104 212 322 178 187 104 129 120 706 714 119 144 180 273 242 2073 153 5420120401120652 3661 1062 124 225 227 102 428 65535 167 104 111 123 104 190 167 123 104 117 104 255 210 216 807 65535 283 201 123 104 212 176 182 104 212 322 178 187 104 129 120 706 714 119 144 180 273 242 2073 153 5420120401120652 3661 1062 124 225 227 102 428 65535 167 104 111 123 104 190 167 123 104 117 104 255 210 216 807 65535 283 201 123 104 212 176 182 104 212 322 178 187 104 129 120 706 714 119 144 180 273 242 2073 153 5420120401120652 3661 1062 124 225 227 102 428 65535 167 104 111 123 104 190 167 123 104 119 104 255 210 216 104 169 302 144 153 104 129 120 706 714 119 144 180 273 242 2073 132 5420120401120652 3661 1062 124 225 227 102 428 65535 167 104 111 123 104 190 167 123 104 212 322 178 187 104 129 120 706 714 119 144 180 273 242 2073 153 5420120401120652 3661 1062 124 225 227 102 428 65535 167 104 111 123 104 190 167 123 104 117 104 255 210 216 807 65535 283 201 123 104 212 176 182 104 212 322 178 187 104 129 120 706 714 119 144 180 273 242 2073 153 5420120401120652 3661 1062 124 225 227 102 428 65535 167 104 111 123 104 190 167 123 104 117 104 255 236 243 109 102 104 255 210 216 807 65535 283 201 123 104 212 176 182 104 212 322 178 187 104 129 120 706 714 119 144 180 273 242 2073 153 5420120401120652 3661 1062 124 225 227 102 428 65535 167 104 111 123 104 190 167 123 104 117 104 255 210 216 807 65535 283 201 123 104 212 176 182 104 212 322 178 187 104 129 120 706 714 119 144 180 273 242 2073 153 5420120401120652 3661 1062 124 225 227 102 428 65535 167 104 111 123 104 190 167 123 104 117 104 255 210 216 807 65535 283 201 123 104 212 176 182 104 212 322 178 187 104 129 120 706 714 119 144 180 273 242 2073 153 5420120401120652 3661 1062 124 225 227 102 428 65535 167 104 111 123 104 190 167 123 104 117 104 255 210 216 807 65535 283 201 123 104 212 176 182 104 212 322 178 187 104 129 120 706 714 119 144 180 273 242 2073 153 5420120401120652 3661 1062 124 225 227 102 428 65535 167 104 111 123 104 190 167 123 104 117 104 255 210 216 807 65535 283 201 123 104 212 176 182 104 212 322 178 187 104 129 120 706 714 119 144 180 273 242 2073 153 5420120401120652 3661 1062 124 225 227 102 428 65535 167 104 111 123 104 190 167 123 104 117 104 255 210 216 807 65535 283 201 123 104 212 176 182 104 212 322 178 187 104 129 120 706 714 119 144 180 273 242 2073 153 5420120401120652 3661 1062 124 225 227 102 428 65535 167 104 111 123 104 190 167 123 104 117 104 255 210 216 807 65535 283 201 123 104 212 176 182 104 212 322 178 187 104 129 120 706 714 119 144 180 273 242 2073 153 5420120401120652 3661 1062 124 225 227 102 428 65535 167 104 111 123 104 190 167 123 104 212 322 178 187 104 129 120 706 714 119 144 180 273 242 2073 153 5420120401120652 3661 1062 124 225 227 102 428 65535 167 104 111 123 104 190 167 123 104 117 104 255 210 216 807 65535 283 201 123 104 212 176 182 104 212 322 178 187 104 129 120 706 714 119 144 180 273 242 2073 153 5420120401120652 3661 1062 124 225 227 102 428 65535 167 104 111 123 104 190 167 123 104 117 104 255 210 216 807 65535 283 201 123 104 212 176 182 104 212 322 178 187 104 129 120 706 714 119 144 180 273 242 2073 153 5420120401120652 3661 1062 124 225 227 102 428 65535 167 104 111 123 104 190 167 123 104 119 104 255 210 216 104 169 302 144 153 104 129 120 706 714 119 144 180 273 242 2073 132 5420120401120652 3661 1062 124 225 227 102 428 65535 167 104 111 123 104 190 167 123 104 117 104 255 210 216 807 65535 283 201 123 104 212 176 182 104 212 322 178 187 104 129 120 706 714 119 144 180 273 242 2073 153 5420120401120652 3661 1062 124 225 227 102 428 65535 167 104 111 123 104 190 167 123 104 117 104 255 210 216 807 65535 283 201 123 104 212 176 182 104 212 322 178 187 104 129 120 706 714 119 144 180 273 242 2073 153 5420120401120652 3661 1062 124 225 227 102 428 65535 167 104 111 123 104 190 167 123 104 117 104 255 210 216 807 65535 283 201 123 104 212 176 182 104 212 322 178 187 104 129 120 706 714 119 144 180 273 242 2073 153 5420120401120652 3661 1062 124 225 227 102 428 65535 167 104 111 123 104 190 167 123 104 117 104 255 210 216 807 65535 283 201 123 104 212 176 182 104 212 322 178 187 104 129 120 706 714 119 144 180 273 242 2073 153 5420120401120652 3661 1062 124 225 227 102 428 65535 167 104 111 123 104 190 167 123 104 117 104 255 210 216 807 65535 283 201 123 104 212 176 182 104 212 322 178 187 104 129 120 706 714 119 144 180 273 242 2073 153 5420120401120652 3661 1062 124 225 227 102 428 65535 167 104 111 123 104 190 167 123 104 117 104 255 210 216 807 65535 283 201 123 104 212 176 182 104 212 322 178 187 104 129 120 706 714 119 144 180 273 242 2073 153 5420120401120652 3661 1062 124 225 227 102 428 65535 167 104 111 123 104 190 167 123 104 117 104 255 210 216 807 65535 283 201 123 104 212 176 182 104 212 322 178 187 104 129 120 706 714 119 144 180 273 242 2073 153 5420120401120652 3661 1062 124 225 227 102 428 65535 167 104 111 123 104 190 167 123 104 117 104 255 210 216 807 65535 283 201 123 104 212 176 182 104 212 322 178 187 104 129 120 706 714 119 144 180 273 242 2073 153 5420120401120652 3661 1062 124 225 227 102 428 65535 167 104 111 123 104 190 167 123 104 117 104 255 210 216 807 65535 283 201 123 104 212 176 182 104 212 322 178 187 104 129 120 706 714 119 144 180 273 242 2073 153 5420120401120652 3661 1062 124 225 227 102 428 65535 167 104 111 123 104 190 167 123 104 117 104 255 210 216 807 65535 283 201 123 104 212 176 182 104 212 322 178 187 104 129 120 706 714 119 144 180 273 242 2073 153 5420120401120652 3661 1062 124 225 227 102 428 65535 167 104 111 123 104 190 167 123 104 117 104 255 210 216 807 65535 283 201 123 104 212 176 182 104 212 322 178 187 104 129 120 706 714 119 144 180 273 242 2073 153 5420120401120652 3661 1062 124 225 227 102 428 65535 167 104 111 123 104 190 167 123 104 117 104 255 210 216 807 65535 283 201 123 104 212 176 182 104 212 322 178 187 104 129 120 706 714 119 144 180 273 242 2073 153 5420120401120652 3661 1062 124 225 227 102 428 65535 167 104 111 123 104 190 167 123 104 117 104 255 210 216 807 65535 283 201 123 104 212 176 182 104 212 322 178 187 104 129 120 706 714 119 144 180 273 242 2073 153 5420120401120652 3661 1062 124 225 227 102 428 65535 167 104 111 123 104 190 167 123 104 117 104 255 210 216 807 65535 283 201 123 104 212 176 182 104 212 322 178 187 104 129 120 706 714 119 144 180 273 242 2073 153 5420120401120652 3661 1062 124 225 227 102 428 65535 167 104 111 123 104 190 167 123 104 117 104 255 210 216 807 65535 283 201 123 104 212 176 182 104 212 322 178 187 104 129 120 706 714 119 144 180 273 242 2073 153 5420120401120652 3661 1062 124 225 227 102 428 65535 167 104 111 123 104 190 167 123 104 117 104 255 210 216 807 65535 283 201 123 104 212 176 182 104 212 322 178 187 104 129 120 706 714 119 144 180 273 242 2073 153 5420120401120652 3661 1062 124 225 227 102 428 65535 167 104 111 123 104 190 167 123 104 117 104 255 210 216 807 65535 283 201 123 104 212 176 182 104 212 322 178 187 104 129 120 706 714 119 144 180 273 242 2073 153 5420120401120652 3661 1062 124 225 227 102 428 65535 167 104 111 123 104 190 167 123 104 117 104 255 210 216 807 65535 283 201 123 104 212 176 182 104 212 322 178 187 104 129 120 706 714 119 144 180 273 242 2073 153 5420120401120652 3661 1062 124 225 227 102 428 65535 167 104 111 123 104 190 167 123 104 117 104 255 210 216 807 65535 283 201 123 104 212 176 182 104 212 322 178 187 104 129 120 706 714 119 144 180 273 242 2073 153 5420120401120652 3661 1062 124 225 227 102 428 65535 167 104 111 123 104 190 167 123 104 117 104 255 210 216 807 65535 283 201 123 104 212 176 182 104 212 322 178 187 104 129 120 706 714 119 144 180 273 242 2073 153 5420120401120652 3661 1062 124 225 227 102 428 65535 312 169 104 111 123 104 190 312 169 123 104 117 104 255 342 212 216 807 65535 283 332 203 123 104 212 322 178 182 104 212 322 178 187 104 129 120 706 714 119 144 180 273 242 2073 153 5420120401120652 3661 1062 124 225 227 102 428 65535 167 104 111 123 104 190 167 123 104 117 104 255 210 216 807 65535 283 201 123 104 212 176 182 104 212 322 178 187 104 129 120 706 714 119 144 180 273 242 2073 153 5420120401120652 3661 1062 124 225 227 102 428 65535 167 104 111 123 104 190 167 123 104 117 104 255 210 216 807 65535 283 201 123 104 212 176 182 104 212 322 178 187 104 129 120 706 714 119 144 180 273 242 2073 153 5420120401120652 3661 1062 124 225 227 102 428 65535 167 104 111 123 104 190 167 123 104 117 104 255 210 216 807 65535 283 201 123 104 212 176 182 104 212 322 178 187 104 129 120 706 714 119 144 180 273 242 2073 153 5420120401120652 3661 1062 124 225 227 102 428 65535 167 104 111 123 104 190 167 123 104 117 104 255 210 216 807 65535 283 201 123 104 212 176 182 104 212 322 178 187 104 129 120 706 714 119 144 180 273 242 2073 153 5420120401120652 3661 1062 124 225 227 102 428 65535 167 104 111 123 104 190 167 123 104 117 104 255 210 216 807 65535 283 201 123 104 212 176 182 104 212 322 178 187 104 129 120 706 714 119 144 180 273 242 2073 153 5420120401120652 3661 1062 124 225 227 102 428 65535 167 104 111 123 104 190 167 123 104 117 104 255 210 216 807 65535 283 201 123 104 212 176 182 104 212 322 178 187 104 129 120 706 714 119 144 180 273 242 2073 153 5420120401120652 3661 1062 124 225 227 102 428 65535 167 104 111 123 104 190 167 123 104 117 104 255 210 216 807 65535 283 201 123 104 212 176 182 104 212 322 178 187 104 129 120 706 714 119 144 180 273 242 2073 153 5420120401120652 3661 1062 124 225 227 102 428 65535 167 104 111 123 104 190 167 123 104 117 104 255 210 216 807 65535 283 201 123 104 212 176 182 104 212 322 178 187 104 129 120 706 714 119 144 180 273 242 2073 153 5420120401120652 3661 1062 124 225 227 102 428 65535 167 104 111 123 104 190 312 169 123 104 212 322 178 187 104 129 120 706 714 119 144 180 273 242 2073 153 5420120401120652 3661 1062 124 225 227 102 428 65535 167 104 111 123 104 190 167 123 104 117 104 255 210 216 807 65535 283 201 123 104 212 176 182 104 212 322 178 187 104 129 120 706 714 119 144 180 273 242 2073 153 5420120401120652 3661 1062 124 225 227 102 428 65535 167 104 111 123 104 190 167 123 104 117 104 255 210 216 807 65535 283 201 123 104 212 176 182 104 212 322 178 187 104 129 120 706 714 119 144 180 273 242 2073 153 5420120401120652 3661 1062 124 225 227 102 428 65535 167 104 111 123 104 190 167 123 104 117 104 255 210 216 807 65535 283 201 123 104 212 176 182 104 212 322 178 187 104 129 120 706 714 119 144 180 273 242 2073 153 5420120401120652 3661 1062 124 225 227 102 428 65535 167 104 111 123 104 190 167 123 104 117 104 255 210 216 807 65535 283 201 123 104 212 176 182 104 212 322 178 187 104 129 120 706 714 119 144 180 273 242 2073 153 5420120401120652 3661 1062 124 225 227 102 428 65535 167 104 111 123 104 190 312 169 123 104 119 104 255 342 212 216 104 169 302 144 153 104 129 120 706 714 119 144 180 273 242 2073 132 5420120401120652 3661 1062 124 225 227 102 428 65535 167 104 111 123 104 190 167 123 104 117 104 255 210 216 807 65535 283 201 123 104 212 176 182 104 212 322 178 187 104 129 120 706 714 119 144 180 273 242 2073 153 5420120401120652 3661 1062 124 225 227 102 428 65535 167 104 111 123 104 190 167 123 104 117 104 255 210 216 807 65535 283 201 123 104 212 176 182 104 212 322 178 187 104 129 120 706 714 119 144 180 273 242 2073 153 5420120401120652 3661 1062 124 225 227 102 428 65535 312 169 104 111 123 104 190 312 169 123 104 212 322 178 187 104 129 120 706 714 119 144 180 273 242 2073 153 5420120401120652 3661 1062 124 225 227 102 428 65535 167 104 111 123 104 190 312 169 123 104 117 104 255 342 212 216 807 65535 283 332 203 123 104 212 322 178 182 104 212 322 178 187 104 129 120 706 714 119 144 180 273 242 2073 153 5420120401120652 3661 1062 124 225 227 102 428 65535 167 104 111 123 104 190 167 123 104 117 104 255 210 216 807 65535 283 201 123 104 212 176 182 104 212 322 178 187 104 129 120 706 714 119 144 180 273 242 2073 153 5420120401120652 3661 1062 124 225 227 102 428 65535 167 104 111 123 104 190 167 123 104 117 104 255 210 216 807 65535 283 201 123 104 212 176 182 104 212 322 178 187 104 129 120 706 714 119 144 180 273 242 2073 153 5420120401120652 3661 1062 124 225 227 102 428 65535 167 104 111 123 104 190 167 123 104 117 104 255 210 216 807 65535 283 201 123 104 212 176 182 104 212 322 178 187 104 129 120 706 714 119 144 180 273 242 2073 153 5420120401120652 3661 1062 124 225 227 102 428 65535 167 104 111 123 104 190 167 123 104 117 104 255 210 216 807 65535 283 201 123 104 212 176 182 104 212 322 178 187 104 129 120 706 714 119 144 180 273 242 2073 153 5420120401120652 3661 1062 124 225 227 102 428 65535 167 104 111 123 104 190 167 123 104 117 104 255 210 216 807 65535 283 201 123 104 212 176 182 104 212 322 178 187 104 129 120 706 714 119 144 180 273 242 2073 153 5420120401120652 3661 1062 124 225 227 102 428 65535 167 104 111 123 104 190 167 123 104 117 104 255 210 216 807 65535 283 201 123 104 212 176 182 104 212 322 178 187 104 129 120 706 714 119 144 180 273 242 2073 153 5420120401120652 3661 1062 124 225 227 102 428 65535 167 104 111 123 104 190 167 123 104 117 104 255 210 216 807 65535 283 201 123 104 212 176 182 104 212 322 178 187 104 129 120 706 714 119 144 180 273 242 2073 153 5420120401120652 3661 1062 124 225 227 102 428 65535 167 104 111 123 104 190 167 123 104 117 104 255 210 216 807 65535 283 201 123 104 212 176 182 104 212 322 178 187 104 129 120 706 714 119 144 180 273 242 2073 153 5420120401120652 3661 1062 124 225 227 102 428 65535 167 104 111 123 104 190 167 123 104 117 104 255 210 216 807 65535 283 201 123 104 212 176 182 104 212 322 178 187 104 129 120 706 714 119 144 180 273 242 2073 153 5420120401120652 3661 1062 124 225 227 102 428 65535 167 104 111 123 104 190 167 123 104 117 104 255 210 216 807 65535 283 201 123 104 212 176 182 104 212 322 178 187 104 129 120 706 714 119 144 180 273 242 2073 153 5420120401120652 3661 1062 124 225 227 102 428 65535 312 169 104 111 123 104 190 312 169 123 104 117 104 255 342 212 216 807 65535 283 332 203 123 104 212 322 178 182 104 212 322 178 187 104 129 120 706 714 119 144 180 273 242 2073 153 5420120401120652 3661 1062 124 225 227 102 428 65535 167 104 111 123 104 190 167 123 104 117 104 255 210 216 807 65535 283 201 123 104 212 176 182 104 212 322 178 187 104 129 120 706 714 119 144 180 273 242 2073 153 5420120401120652 3661 1062 124 225 227 102 428 65535 167 104 111 123 104 190 167 123 104 117 104 255 210 216 807 65535 283 201 123 104 212 176 182 104 212 322 178 187 104 129 120 706 714 119 144 180 273 242 2073 153 5420120401120652 3661 1062 124 225 227 102 428 65535 167 104 111 123 104 190 167 123 104 117 104 255 210 216 807 65535 283 201 123 104 212 176 182 104 212 322 178 187 104 129 120 706 714 119 144 180 273 242 2073 153 5420120401120652 3661 1062 124 225 227 102 428 65535 167 104 111 123 104 190 312 169 123 104 119 104 255 342 212 216 104 169 302 144 153 104 129 120 706 714 119 144 180 273 242 2073 132 5420120401120652 3661 1062 124 225 227 102 428 65535 167 104 111 123 104 190 167 123 104 117 104 255 210 216 807 65535 283 201 123 104 212 176 182 104 212 322 178 187 104 129 120 706 714 119 144 180 273 242 2073 153 5420120401120652 3661 1062 124 225 227 102 428 65535 167 104 111 123 104 190 167 123 104 117 104 255 210 216 807 65535 283 201 123 104 212 176 182 104 212 322 178 187 104 129 120 706 714 119 144 180 273 242 2073 153 5420120401120652 3661 1062 124 225 227 102 428 65535 312 169 104 111 123 104 190 312 169 123 104 117 104 255 342 212 216 807 65535 283 332 203 123 104 212 322 178 182 104 212 322 178 187 104 129 120 706 714 119 144 180 273 242 2073 153 5420120401120652 3661 1062 124 225 227 102 428 65535 167 104 111 123 104 190 167 123 104 117 104 255 210 216 807 65535 283 201 123 104 212 176 182 104 212 322 178 187 104 129 120 706 714 119 144 180 273 242 2073 153 5420120401120652 3661 1062 124 225 227 102 428 65535 167 104 111 123 104 190 167 123 104 117 104 255 210 216 807 65535 283 201 123 104 212 176 182 104 212 322 178 187 104 129 120 706 714 119 144 180 273 242 2073 153 5420120401120652 3661 1062 124 225 227 102 428 65535 167 104 111 123 104 190 167 123 104 117 104 255 210 216 807 65535 283 201 123 104 212 176 182 104 212 322 178 187 104 129 120 706 714 119 144 180 273 242 2073 153 5420120401120652 3661 1062 124 225 227 102 428 65535 167 104 111 123 104 190 167 123 104 117 104 255 210 216 807 65535 283 201 123 104 212 176 182 104 212 322 178 187 104 129 120 706 714 119 144 180 273 242 2073 153 5420120401120652 3661 1062 124 225 227 102 428 65535 167 104 111 123 104 190 167 123 104 117 104 255 386 238 243 109 114 104 117 104 255 342 212 216 807 65535 283 332 203 123 104 212 322 178 182 104 212 322 178 187 104 129 120 706 714 119 144 180 273 242 2073 153

































137 380



















311201204131931 8000

311 902

311



311201204131931

200

08153224 2011 3306201110251455 16029

3122012041715237 3122012041715237 10013335658997 10013335658997 861001334007647 861001334007647 861001295409059 861001295409059 3121334698020 3121334698020 10013340076477 3122012041715237 3122012041715237 3122012041715037 3122012041715037 3122012041715037 3121334698020 10013340076477 10013340076477 861001334007647 10013335658997 10013335658997 861001295409059 2220120419101435268 20120419101441798 16024 4020120419101559518 4120120419101559518 4020120419101559518 3122012041819117 3122012041819117 4020120419101559518 10013335658997 10013335658997 4120120419101559518 4020120419101559518 861001334007647 861001334007647 4020120419101559518 861001295409059 861001295409059 4120120419101559518 4020120419101559518 3121334796284 3121334796284 4020120419101559518 10013340076477 4120120419101559518 4020120419101559518 3122012041819117 3122012041819117 4020120419101559518 3122012041818237 4120120419101559518 4020120419101559518 3122012041818237 3122012041818237 4020120419101559518 3121334796284 4120120419101559518 4020120419101559518 10013340076477 10013340076477 4020120419101559518 861001334007647 4120120419101559518 4020120419101559518 10013335658997 10013335658997 4020120419101559518 861001295409059 4020120419101559565 4120120419101559565 4020120419101559565 3122012041819117 3122012041819117 4020120419101559565 10013335658997 10013335658997 4120120419101559565 4020120419101559565 861001334007647 861001334007647 4020120419101559565 861001295409059 861001295409059 4120120419101559565 4020120419101559565 3121334796284 3121334796284 4020120419101559565 10013340076477 4120120419101559565 4020120419101559565 3122012041819117 3122012041819117 4020120419101559565 3122012041818237 4120120419101559565 4020120419101559565 3122012041818237 3122012041818237 4020120419101559565 3121334796284 4120120419101559565 4020120419101559565 10013340076477 10013340076477 4020120419101559565 861001334007647 4120120419101559565 4020120419101559565 10013335658997 10013335658997 4020120419101559565 861001295409059 4020120419101559580 4120120419101559580 4020120419101559580 3122012041819117 3122012041819117 4020120419101559580 10013335658997 10013335658997 4120120419101559580 4020120419101559580 861001334007647 861001334007647 4020120419101559580 861001295409059 861001295409059 4120120419101559580 4020120419101559580 3121334796284 3121334796284 4020120419101559580 10013340076477 4120120419101559580 4020120419101559580 3122012041819117 3122012041819117 4020120419101559580 3122012041818237 4120120419101559580 4020120419101559580 3122012041818237 3122012041818237 4020120419101559580 3121334796284 4120120419101559580 4020120419101559580 10013340076477 10013340076477 4020120419101559580 861001334007647 4120120419101559580 4020120419101559580 10013335658997 10013335658997 4020120419101559580 861001295409059 4020120419101603075 4120120419101603075 4020120419101603075 3122012041819117 3122012041819117 4020120419101603075 10013335658997 10013335658997 4120120419101603075 4020120419101603075 861001334007647 861001334007647 4020120419101603075 861001295409059 861001295409059 4120120419101603075 4020120419101603075 3121334796284 3121334796284 4020120419101603075 10013340076477 4120120419101603075 4020120419101603075 3122012041819117 3122012041819117 4020120419101603075 3122012041818237 4120120419101603075 4020120419101603075 3122012041818237 3122012041818237 4020120419101603075 3121334796284 4120120419101603075 4020120419101603075 10013340076477 10013340076477 4020120419101603075 861001334007647 4120120419101603075 4020120419101603075 10013335658997 10013335658997 4020120419101603075 861001295409059 4020120419101603075 4120120419101603075 4020120419101603075 3122012041819117 3122012041819117 4020120419101603075 10013335658997 10013335658997 4120120419101603075 4020120419101603075 861001334007647 861001334007647 4020120419101603075 861001295409059 861001295409059 4120120419101603075 4020120419101603075 3121334796284 3121334796284 4020120419101603075 10013340076477 4120120419101603075 4020120419101603075 3122012041819117 3122012041819117 4020120419101603075 3122012041818237 4120120419101603075 4020120419101603075 3122012041818237 3122012041818237 4020120419101603075 3121334796284 4120120419101603075 4020120419101603075 10013340076477 10013340076477 4020120419101603075 861001334007647 4120120419101603075 4020120419101603075 10013335658997 10013335658997 4020120419101603075 861001295409059















3600



732 526 229 21252



4706



4220120423092522174 226 174 277 302 205 462 439 141 286 244 231 213 1089 1010 703 1336 391 917 605 805 782 644 753 1533 833 1517 1443 403 1404 1510 280 1690 187 137 408 751 1014 888 192 306 136 3636 3159 279 237 1053 1077 1058 1447 2320 4572 341 1610 2061 4985 2526 4623 4985 2526 4623 4985 2526 4623 4985 2526 4623 4985 2526 4623 4985 2526 4623 4985 2526 4623 4985 2526 4623 4985 2526 4623 4985 2526 4623 341 4985 2526 4623 341 4985 3114 3749 2701 2665 2499 679 332 668 149 125 196 110 344 179 622 577 1410

311201204131931





400













600 755



311201204131931



20120120413205313042012205605 309 311

4690







4684




















311201204131931


320201204291023



4782



4800



1634

1634

190



























312 764











2011 2012 2012

4750







3003 2744 2391

17976931348623157 308 17976931348623157 308











500







313 300





100











4799





















200 202 1000











313 304 1711 177 177 1711

030 137 200 200706271400 030

3049914



























1009 134 225 248 1276 3554 3179 825 801 215 498 584 501 411 1276 3554 3179 1022 332 916 585 332 540 149 124 196 110 353 180 601 629 584 1438 1414 100 8664 2602012062818 8664 2602012062818 8664 2602012062818 112 1096 134 225 248 1276 3554 3179 825 801 215 498 584 501 411 1276 3554 3179 1022 332 916 585 332 540 149 124 196 110 353 180 601 629 584 1438 1414





320

















000 1103952 000 1081843 000 239482 000 201 2152666 000 201 1731863 000 201 191405 0102 0102 017 107 107 309 309 309 309 2113 2113 110 0105 127 201 201 201 201 201























7238







100120

256









3354

100





212 220













2000

111


1204
318182 318182 318182 318182 318182 318182 318182 318182 318182 908068














100
100







4000 1600 7135276449020121112

322201208201020



576 562 555 141 136 117 336 197 160 108 111 194 127 657 227 133 171 109 511 174 711 702 683 381 390 1176 559 544 457 243 438 230 340



3312 331

304 331201212171919

1068



1068 16031 160 340201304151603 512 10000 256 120 20110502
300
300



341



1094




1011





