
1879

222

















1010 1010











916347 726 588

02269







500









360 360
230 400
230 400 02276 02279 230 400

400 02276 02279
351 02280
280 608 02280 351 351 02279 400 02280




02282
02276 022822



02286


400
400 400 400 400





























170



404





402







000 4104 000 4104















100

443 1430 111 000 4111 14301 101 4111 22924 4111 1864 4111 19722 11017 4111 105014 12920 4111 99612 12920 90816 35511

4114





410 4117 410 811 811 410 411 4117

2020151019 100000356 2020151020 100000356






4205
4205 42052






42012
42012 42012 42012 420 42012 42024

4124201 420 42040 4131 8164








502
502 502

761 76118 50020 6119 46026 47810 35532 31012 36517 38417 50020 1112





500 500






01013400
01013401 413 01013











19612

510 500
502 0127
502 0127 501 0127 502 01040 502 0127 501 0127 502 0127 502 01040





51036 510362

827



420 4214 4215









504 504 504 504 400 594 362 500 500 400 594 362 400 400 594 362

100

468

510




1031
1030 131 1031



504



5102
42232
504 42264 422 42232

5201312 520131 520131



400
100
100



520155

6902 710 511 511




520233
520233
921
921 512 510 921






4232
520 423



510




520 423
4232 757 696



5202



520265 520






5213
5213 520 5213 52116 52116
52118
52118

1365



520 510 521 521 20142016



010132125106 1460744471524 16384 1460744471524 438 056 104 424 179 15710 4929 53510 10717 8318 10717 12920 94218 10417

522






19181
19181 19181











443 2513








121
121



041

540

600 540 540 600
54031
54031 54031

100000559 100000295 5484 100001665 5484 100001668 5484 100001666 5484 100001667 6045 100001594



400 600 010









125 124

360 360




250
250 250

1113



1230 22082016

1310 4286



8562



8874 600




302
550 550 121 21422 330 453 2010 100 186 5838 5838 2010 170 2010 130 030 102 253 3211 030



600480 23448 8509 0127 600 60047 0127



1106 310



23912

60061 600612 6006160061 551 550 540 531 530 522 521 520 510 504 503 502 501 500 413 412 411 410 402 401 400 60061 20142016 60061

360
122
153 122

949 012 012

100 100 003 003



610300 610300

1133


123
123

030 102 253 3211 030













827



610 620 2851



360




213

110
1100



24694



20170616170749385

20170616170232741


6103
6103





675




206
160 206




700
700






700





812 890
800811 812 812 891

360


510



703
703 100 703 362



920


706
706 706
730
730 101



706



709
7010
20190205 230908817 154939190776120190205 230908817 20190205 230908818 20190205 230908818 7010 579 7010 6826 7010 1779 7010 448 7010 71311 7010 74634 7010 121316 7010 16637 7010 70643 7010 16737 7010

270



1632




1140
1140 710 11400





800 802
251
27358





800

253 306
800
2020 800






