
241

102 2008084757 2008084757 2008084757 291 291 2008084757 1304 1304 2008084757 102 2008084757 2008084757 102 2008084757 104 104 2008084757 1213 1213 2008084757 8190 8190 2008084757 8190 8190 2008084757 300 300 2008084757 256 256 2008084757 102 2008084757 102 2008084757 326 326 2008084757 123 123 2008084757 211 211 2008084757 101 101 2008084757 153 153 2008084757 161 161 2008084757 276 276 2008084757 213 213 2008084757 153 153 2008084757 330 330 2008084757 2008084757 330 330 2008084757 300 300 2008084757 300 300 2008084757 220 220 2008084757 2008084757 407 407 2008084757 131 131 2008084757 2008084757 2008084757 213 213 2008084757 2008084757 102 102 2008084757 2008084757 1025 1025 2008084757 211 211 2008084757 8200 8200 2008084757 8200 8200 2008084757 1025 1025 2008084757 220 220 2008084757 301 301 2008084757 2008084757 152 152 2008084757 381 381 2008084757 031 031 2008084757 1025 1025 2008084757 8200 8200 2008084757 102 2008084757 102020 102020 2008084507 2008084507 2008084507 291 291 2008084507 1304 1304 2008084507 102 2008084507 2008084507 102 2008084507 104 104 2008084507 1213 1213 2008084507 8190 8190 2008084507 8190 8190 2008084507 300 300 2008084507 256 256 2008084507 102 2008084507 102 2008084507 326 326 2008084507 123 123 2008084507 211 211 2008084507 101 101 2008084507 153 153 2008084507 161 161 2008084507 276 276 2008084507 213 213 2008084507 153 153 2008084507 330 330 2008084507 2008084507 330 330 2008084507 300 300 2008084507 300 300 2008084507 220 220 2008084507 2008084507 407 407 2008084507 131 131 2008084507 2008084507 2008084507 213 213 2008084507 2008084507 102 102 2008084507 2008084507 1025 1025 2008084507 211 211 2008084507 8200 8200 2008084507 8200 8200 2008084507 1025 1025 2008084507 220 220 2008084507 301 301 2008084507 2008084507 152 152 2008084507 381 381 2008084507 031 031 2008084507 1025 1025 2008084507 8200 8200 2008084507 102 2008084507 102020 102020

272



042738318





2010172430 2010172430



122 122 302 1422 122 484 416 160 302 494 480




1002




100 100

1004 103 1051 310 20110608114626 1004


105
105

900

691256 1963178 694 664 570 616 270 269 6507 3321 6269 2229 4860 2287 4686 4832 4501 4422 2273 2713 4686 707 000 101 666 664 680 678 677 694 530 416 374 211 128 117 113 105























000 000













1142







313









100



















1162 1162

342



105













122694 318





600000



1162

2008 2010 2013 2004 2013





5032013 5022013













3110 20130108000000 3110 20130108000000























1242

1242

1242

1241









6000





10000





1189





512 768



170

130 3041 321 180 1023 1019 1217

1189





1267









100



1054 1211 1212





















1267



120121 3183111




108852






105 121









1139





3112100 3112162 3112100 3112100 3112162 3112100 3112100















1352







1360



1358





2009 2011 2015 2015















320





31113 5146 31113 51470 31113 51480







131
121
1211 3112



2767 2786





114



1284









1256





















1305 1131

230

3112











1399 322 24758







2858 322133133

235


131
131 322











221

322 322







340





200000 200 10000 10000 10000





















10740

200000 200 10000
14777
14777
14428
14428



218 33000 3302014033113020816 33000





201


652
443





13824588

1329 1331 1332 1553 1175 3332 652 1552 222 204 1554









410




244













































190191
190191 192 405
245250
24524 152524









2015

2015



205081 2015 410 500 330 406 410500 4150 1827 1828
405
405

401

410 500 330 406407 406

















410 420 1795
1415


0110




451







200
200 200 200 200 200 200 200 200 200




1502
1502


411
411






197
197 197 10740 17201

243 244


