
600 140

919







540 727



291



20161128 43612









745 509



00430436













1303



26551 1629



32332768483110592643262144 510 803512000 96388473614032744000 100 100 1901 512000 1766 100 100000 500000 1766 1764 100000 100000 100001 100

1764 50100200400800160032006400128002500050000100000

1787







1000 1025 2025 1786 1764 110592 483 652









11010



1111













2589



2727 2626

2727 2626

2727

2727 2621

2727 2621

2727









































1632 330 200

1632 330 200

1632 330 200

1632 330 200

1632 330 200

1632 330 200

1632 330 200

1632 330 200

1632 330 200

1632 330 200

1632 330 200

1632 330 200

1632 330 200

1632 330 200

1632 330 200































379400 1010 302018






















































310
310 256
256
256











20180814143905265 576 411





3051

600

1150





3108








1021


1160















1767 3091 3147 3215





















3289







200












128
128 128









24292 24292 24292 24292 24292 24292 24292 24292 24292 24292


















































1180








































3496 900











27017













3185 3384 3755

2956













100






