


210





404 245402 10156 10157 24540



















4029

100 22845

100 30114 50100











10000 523





















119570525 117440539









53534 511 513











541 100 100



554 6029

17621 142017





















6539



212018 20150417 30342 20150417 30359

20140728 122635

32525 563







10618



20141019121649











25086

1505

5101 590 59126



590





















220 27215294750

500 575818 594 500 20160414104411224 111 255 1269 497

255 255 255 255 255 255 255 255



591



404

200 5810 1810 200

20151218 20151216



600 20160810001 5818 2800







100020 600 20160110003

403 403 7068 403 7068

403 403 7068 403 7068

20160509 111028



343 343

403 403 7068 403 7068

403 403 7068 403 7068



20160629135938213881500

403 10001610 403

10001500 10001610 10001500 10001610 123



18972673 80808154711 0154711 21360001







250 22413329 250

10003400

350













32772 1475542723490













10005181





201103081540471 1540472 10006850

10008471

10009040
110 510
501 607 610





















10008441 100010901 260

100011120 20170328 50914 20170328 50921 20190123112214 59310232301190221



100011771

100011771

100012120

100012120 611 355851 255 100









54874 001 378 193 54874 002 372 190



3060

100012572

100012573











1000003 588

100014751

53685 53685



100











20170808 62220





10000057 610316379



2017



500






403
403






404
404 404 2018122120 2018122121 2018122122



404 404

62749 64923







100
500
500 200 500

65260 2307 4705783 2307 4705783

201907045

223355

58754









818 278 848 356





20191028085425901 243 207







416 63131129 79976 163917 416 63131129 79976 163917 403

20200324 12909 20200324 13110




500
700 500 409





403






