


123

210
1000 1000
1000 1000

333347 350

22287









415 100 100 100 100





20120515 441404504419505422 504419









2020 6554 6554

14482



50501 502502 501 502502 501 502502 435 500500 500 501 502 500500 500



501 501 501







514 5211

367 22002 50100

4029

100 22845

100 30114 50100











10000 523



















400

600















26042 544

53534 511 513





840

541 615





20140121 13053

541 100 100

554 6029

638 615





17621 142017



30822 540 542 543 552



4143



2014 2014 2014 2014 2014

9857 33400







552 626 515









6156 824 004 005 006



6539
504
10605193 10605198 127001 200 504 627 553

3501916153

20150417 30342 20150417 30359

32525 563




500
500 2014202425

701 701



10618



563 2013 338 563 972003



543 556



623 563

409



100 100 300 342





566 5121



25086

5858









631 900 900 100 10000 900 500 500 900 100 10000 900 100 900 100 500 500 500550



647 584 6315 584 647

37890

11110960018861 082017 1111251162990 022018 41162992480 8020622 810 1111251162990 022018 41162992480

500 575818 594 80808157 6342 0157 795020000 80808158 0158 0001 80808159726 015983 090001 500 20160414104411224 111 255 1269 497

255 255 255 255 255 255 255 255 255

20160816163958530

245 300 20170814114546664



20150915 15046 591 20154010001 242 242

100095 585



200 5810 1810 200

1000 3000 15000 15000 56000 10000

5810



20200218 170942 20200218 171014 20200218 171037 20200218 171101

90029 20151217 120303 58185816 600 201602

20151218 20151216

252 450

594 600 600 20160210006 6610

12222521



600 2016072

200 5000 5000 500 500 600 20160810001 5818 2800



594 9310

5801 50200 575 595 705 250 575 250 5801 575 40200 575





32164

5565818594 597



111 112



20160711 51429 20160711 55855

5101 719 719 テスト 5101 テスト 5912 719

5100 1297820160606
600
600 600

5104 5910 40782



1607 381439300 5100 20160916130400174 669 131184 2691























714 716 5108 5818 599 5100 5107 5108 714 714 716 716 716 714 623 602 205 205 602



61364 610316379 6103163100

10000



601 2012 1045971

6015108 720 20161214 41917 20161214 43252

2017 601 602 45273 8017 8017 8015 8443 8016 8015 8016

610

3118

602 8443 610

20161215143640936









602 11006020 602 11006020

20170110 221520 2611 2611





30581

510

180111 180111 25111

604 202017 32017 20170126 95715



5914 20170511 73739 379
110 510
501 607 610











700 20170223 103327 20170223 103504 6064 1225 2021

1133 1134 1141 1141 1141 1141 1141 1142 1142 1142 1148 1149 1150 1150 1151 1154 1154 1155 1156 1159 1159 1200 1202 1211 1212 1213 1213 1214 1215

724 510864 20170302 135850 20170302 135833 644 650
510
510 510 510 20170127172459240 641 248 228 190

602

606





20170329111741479 20170329111741588 100 100 3600 100 100 360020170329111741605 20170329111741606 20170329111741631 00951 20150006360700 1020170329111818384 0000 20170329111818502 0000 20170329111818958 1000 939 010 47864 939 010 47864 100 5432 610 3600 100 20170329111819339 901 371 03343 836 2606 327699 20170329111820911 901 371 03343 836 2606 327699 20170329111832280 901 371 03343 836 2606 327699
16777215 8000
16777215 16777215 8000



11013787 6972 194 279 606 602 605

610 1404



20170316170707764 445 981 20600 20600 20600 20600 20600 20600 20600 20600 20600 20600 20600 20600 20600 20600 20600 749 185 1143 1046 510 482 306 230 302 197 772 839 1600 325 290 137 1142 617 745 20600 20600 20600 20600 20600 20600 20600 749 185 1143 1046 510 482 306 230 302 197 1192 1116 1014 813 74119 20600 20600 20600 749 185 1143 1046 510 482 306 230 302 197 1192 1116 1014 813 74133 20600 1105 1050 510 482 306 230 302 197 1192 1116 1014 813 74147 163 109859 423 14761 20170316170717795 10000 445 981 20170316170717842 04998 10077 5000 445 981 20170316170717842 445 981 20600 20600 20600 20600 20600 20600 20600 20600 20600 20600 20600 20600 20600 20600 20600

20170321111503887 291 43881 20170321111420006 20170321111416240 2338 276234 20170321110940005 20170321110936402 1527 466396 20170321110150006 20170321110147935 1778 667844 20170321105040091 20170321105036342 869 26337 20170321105010004 20170321104802290 2285 20170321104800005 20170321103650333 10325 20170321103640007 20170321103458947 157 3942 20170321103455005 100



606 606




5912 610
150

606 17000 606 17000 1170 20170327144610048 60000 1490650763574 238 100 10224291490650763508 7733225 20170327144702920

2018 680 680 55249 52455

610 20170329232801077 20170329232801105 133 118 4853 5314 145 1408 1398 266 1142 617 745 174 11911 111 352 239 110 251 136 105 109 17112 372 2988 2421 677 505 1032 1836 33721 610 610

610612 733735 733 5105 5105 610

19815









612 612




01000
600 12102 12201 12201 1000



5317 5108610 730





45966 45966 40263 20170511 73739 379

610 730





614 614 20170518 111901 510 2019 6554 6155

613







614 620 5108

620 250 252 253 250 252 253

5108 606 503 502 605 5108 502 652 671 671 502



20170619225911427



630 20170620150224184





40150630 206450



623 20170630 130828 20170630 180201 20170630 180219 20170630 131935

54860 37212020

620 620 15964

20170704 103549 1000 1000 2151242 2214094

54123




606
623 605 606 26926









651





53054 507875

623 738 404

20170813130437468 098 5319 3764

120

623 737



100









6263 1234

2419 2415

510 613


6265
56254 20171004163155549 2018123145 2018123145 905 698 7782



642 642

53993





38633

641

51064361 643

10000000 10000000
1000 01795
1000 1000 1000 950 950 950 950 950



641 650 650 753 411 6610 411



500
404
404
660
660 633 650 660

661 661 661 413 412 413 414



550 631 550 550 5320

670


20185227
544

670671 593 510 12345678910 12345678910

660 670 671

20180307232057928 117794 789 2877 0225 534 20180307232244209 160

661 255 631 672 266 34078822 34078843 3407882 3407884 3407893 3407895

672 554

670 2010 670 2010 671 365

680 680
20185229


52060 52060 680 55267 680 52441 680

670 20180327093436 20180327093414

600

0000 670 1521048328968 229213543 477 600000 428282 201803270256114136 1000 1000 321 2018004018482 232 69763 314181239 320 00007 027 800 00007 0235 5000 234 212 417 409 383 320 328 292 139 109 9009 00007 851 000 00007 000 116 170 141 311 105 305 249 171 123 429 000000067 800000 1361 354101785611 368 352 360 293 139 0000

641 554 6012 6017 55639
201718103


20180413170537165 214 329
600
600 600 634 664 600 6012 681

690 600 554 950 950 950 950 20180509165531339 70252053 6012 950 946 950 950 950 950 950 950 950 950 950 950 950 950 950 950 950 950


01795
1000 1000

266255254 2654304 2654304 2654304 404 403 55241 55142

3764 927 378 764 2201



36344



20180614 172745 20180614 173131



666 666

4214


611
611 611 632 739

20180501 53336 481 212

55887 5320 5320

404 312 312 0000

500 900 200

1804 6101 2345

20180730 165725

20180808002027501 496 239 20180808002232591 744
201820233


400 38719 667

690 2611 6102 2611 6102 2611 154 333





611 2015

611 56315 2019 6554 6155 6136





6110

420 186

611




612






0135801 950 74194606 950 94606 950 94605 950 394604 950 3294603 950 94603 950 950 950 950 950 950 950 950 950 950 950 94602 950 782097 425 760502 950

6120 663 001 001 001 001

060 6432

123

400

60000 36883 13602589 294828 510 859956 841699 034 40578 859956 841699 034 40578



20181225 80855 20181225 80931







669613 6025


614
614

6140

6140
6140
6140 614 6140 6112 6112

20190201100119961

060 060

614 614 614

614 615 6141 613
611 6152
6110 6152 100 900 6135 6153 611 611 611 611 6153 6135

6027
20193396
6612 670 6123 612 6130 6133 613 6140 6142 614 6151 6142 6133 6123 6612

700 700 700

6151 20190423135858

172 224



66613 6154 008 003 001 002 004 005 006 57458

2019





611 6111
6155
6155 6155 468 407 6155 313









792 001 6133 6037 001 001 500

20190826 113058 869 344

201973116926 557 340

2019731161953

20190903165321140 601 540

20190903172254353 255 107 20190903172417526 267 200







28621 615 6140 701

20190827 142857 606 210 20190827 142346 507 179

20190827 115915 20190827 122650 51216

20190812160215497 297 375 20190905 105033 333 205



6042 6037 6032

20190925 150731

20191002 63745 20191002 63631 6025



701 20191004 143720 20191004 143700 59501


615
6159 702 615 20191025151659313 20191025151603650

6159 525 148 20191108115805771 704 884738 0966 81750 375 1934 126 192 1461 498 375 1934 112 130 267 48615 71617 1365 1188 348 686 1868 1751 2042 1573 431 69619

20190410 165931

05111999999999999999999999999999999999

6012

700 700 701 650 700 731



614 20223





615 615













6151061510 705720740705 720 740



20200512135758597 811 224



110 20200604 33403 20200604 34715



740 854

750





20171025183004 20171025183126

842
