












3264 327577858 31905 670 486 44481

443 620 2016

2151 443

090





























760















2017 400











































270

























404







5000

0100 010 0100



































42112 700 1002 700 1002

1002





700 232





700





700

700






100
100

140 140

200 2008 200 20010 200 20010 200 20010 2010 2010





10012





100

156
























10023
10023





500201712081732



























222
110
110

238























101

252






510










709 709 893 10150












400





140
140 130

113 113

103 124 130 103








712
712







712 130 113 800 152 310 800









110 120 120 110

2019 1925345600 2015948922 2105935234 2106113669

2020

160 181 160 181



10130 10163 311 318

320 10130 1020 320 10163 311





312019 1020 1020


