


















2014 2014

1657021

1650045









088





2013 000 2853

1945 2528





2369



131 51653



296 327



366



225

3100







7200

434 436 191







225





1209 1210 1210 1210 1210 1210 1212 1214 1214 1222

1234567890



225

225







225

225



523

241 5165 241 5165 241 5165 241 5165 241 5165





415



384 242

















131



030002 0021 0030





625

469061100644 3737 8319 770 3100644 1515





4120

155011 2108 155011

20140509181155975 134

3163















314159 314159 314159 314159

3360 33102 2014 1822 2014 185 3112 2014 3322 2014 333 1152 2014 116 2522002 2014 252800 51653 2014 5173 3122 2014 2107 2014 230 37142 2014 382 414 4143 2014 21142 2014 2115



15501












2015


0100 432008



010003





751







840





798 897

740 797







1051

1404 482



802

1498













417 545

1404 987 987 212 217 515 310 184 131 0017 1404



622





















104





976 976









800

983 207

1490

1204

1204 2014070













330 330























1137

100

1132 1133







1113 1299





2002 2304

641







20140916



201







1250


12015
2015 2015

2015 2015 2015


2014
202

2015










109
1095 503040 8664 1340





515









2014

2014090 2014090 201409
130
130





2014

9262014

99999










112
112
2014
2014

199

2012 59973406400 91865836000 4256625297751550737256625297478269835 1379




109
109










154
154 2012



1317 1375



























829
201409
2014100 201410











330 9026

1204 4631 5463 2011





1517







1128










1074
1074







1601






201412


1453







1539

2019


201411




1404



627 627





400

4040 026607706040611066994511522181266732420407110449945115221822680424204092001159507341603266731540407004499451152108















240

1704





1220
201501


340





104 2301 609 2301 546 2301 260 225 213 210 277 15501 0100 400 346 5165 241 1003













983 989 865 962 121

1107









1725



140
140
140 140 2015
140
140


130
130
130
130
130
130













20150223
100


2012



1695







1896





1107

1598

1062 1256 1218 1235 1216

982



1060 1064 1065 1061 1908

1074


201502

308
305 302 302













211











1847

240









2140

1770

5000





1868



1570


201503




2137

















378829 8751 6852356967411 20580 101 1503092119469794 310012381 8664 20042012 20140617203 101 1094 4096 2048 2007 101 100 2131 101 101 101 1503092119469794 101 1094









0176













2139

2327





131



















9149 201012130503120000353



101

2176 3339 8601 1203





1196












201504










2507



1074

1593 100























201502 201502 32768 2097152





2057





1121



10103



1135 1129 1215

2624

2623


2635
2635



1100000 255 255


472 482


2175


201506

201505





053009
201405
1404
1404











2698


492
492 492



2679

2702 2702



2015 120520152341 122015906
1014


0011









2636

1128 2015 90026 90029 90040 90044 90044 200000000702280351140 380 191 200050002702274351137 380 228 150001000069859746573 3448 156985964657369859646573 90053 1243





1640 1580

1695
























1116
516 414 516



4120 663020150605162342 4120 663020150605162352 663120150605162352 1990

2864








201507





234


2797 2918





2007 2010 2012 2009

2839 2839







20140630 696 641



404 127001 404

435



2928 2948

2928 1766





972 973 974 975 976 833

2915

1288 1284 1228 1250 1264 1273 1240 1249 1238 990 1155 1191

1247

2991















100





2643









569 996

1005

20150713



144 177 1087 1143 1178 1179

101



1283

152



436

2636


201602

201512

201511

201510

201509

201508






436


101
100 2883 2967











3226





2981 2981 2981





974 2981 973



1234567890 1234567890

976 2981 973 2981

1138

1295



3243













3258

2731 3225 3219 3227

08042015053947 1411422373004 2015173947 1120008042015053949 01018 0101 1817 01018 0101 1477 01018 0101 1381 01018 0101 1475 01018 0101 1461 122







3462 1597 3196 3196 3196





2429

110

512 64000 64000 64000 64000





2939









20150814 157 1095

3196

















2305
027
027 026



00007 2108 8664 21778 8664 1583 8664 112214 8664 14297 8664 4839 8664 501211 8664 2226 8664 4839 8664 316239 8664 101 719 8664 83214 8664 5129 8664 12713 8664 00007 610 00007 620 00007 630 00007 0926 640 00007 650 00007 0554 660 00007 1069913 170 00007 1069 180 00007 554247 39890 00007 552696 131100 00007 560 65848 392110 00007 65848 187120 00007 562084 658050548 450130 00007 544 67400 302140 00007 551 67400 482 1732150 00007 551 67400 482 1720 08211908585300 700 139 108211908585300 700 151 08211908585300 700 154 08211908585300 700 172 2908211908585300 700 199 08211908585300 700 171 10436 83608259 1030108211908585300 700 184 08211908585300 700 196 08211908585310 700 120 2732 0001016 08211908585310 6895 8700 175 141 008211908585310 6895 8700 209 434445 2732 2732 2732 484826555427450748555903541969521 484826555427450748555903541969521 4344458 9456 1571 732732008211908585310 6895 8700 296 434445 2732 2732 2732 484826555427450748555903541969521 484826555427450748555903541969521 4344458 9456 1571 732732008211908585310 6895 8700 177 249 765 173 9408211908585310 6895 8700 109 08211908587180 700 261 10608211908587180 700 261 21008211908587180 700 261 316


151
151



2047

2930




2016
2015 2016



22016


















2015
8102015
209
209


2015












5910 2013 110 5110

140

2015



3662







1085 1086

966











3532

1942 142













4472447





261



3679









271



271 265 3792 3792







14180729 20150914180729157 500 1500

2015


129
129

2977 1306 1313













1106











































1103 5001676 362





162 1100


110








2334











110



102

102

4102







15007663073114244 10030133772819259 20000










159 521
521 1590

100





4033 2977 3821




1355
1355







500 500 355 4880 4880 355 327294449 246 1120 16729 355 19680 14680 201164543 659 1398


110






4191


001
001





1299





16384










1196






20151110025326 20151110211619

3663 4305

3901


2015100
2015100 1101
11014 3140145 10105
10105


3200
3200

109 4375

715 012345 2674





2098

2635





245 284 146 18112 181 105 8664 367 18112 181 105 8664 110

69086



2622




2915
2915 4209



159 3227 848 7819599 924259 109 839

1311 1311 1311 1346 4077366 2110595620150400





4395







1490

3371











4113







2699



4578



















3200











117

1114










485
48520150623 4854

2917







2535



4393

4393 1228

128



1011



201510010 1170 20151003 103 444 20151003 103 192 20151003 103 279 20151003 103 363 201510010 1170 530 20151003 103 255 20151001 006 247 298 223 964












085


4410 4410 4410

1357 1383









1353 1360 1353 1360

4133 4800
151


1316

1345

1349

1369

3942 1371

1372

1342 1381

182 65535



1112 1297



4235

1052 1293











160 1404

4892



1011



4859 4859 4859









4882 4882




035
10110
1019
1019

3633

2050




1011
1011 4954







20160209 20160229 5834652 1170200 020110 506700 312440 0122201 010103 109261 450510 230350 1400110 1500110010 413500 532624 110200 5820660 1103220 010602 220 351410 220 080101 161290 030120 212331 18211214210





4692 5004



180 270 100 200













157

5013 1114 5045 002



255400 1248 4692





4878



1095 1231 3942



006

2016017 0349









4837

















4951 5167







5178





74586 64412 417





910

741

4366







4780



4899

5194 4950



5162 8948917 4579 032 8316014446 3841 890234 1142 244 5796 015216 668 853 633444 80010 4410812 314 899 336949 16490 6438 17911 8948917 4579 032 8316014446 3841 8708 320 839 641

5162 7722650 00733660 72109131 237 140 034143 9358 829 605 027 4446 715 5180 56666 6893 4982

5162 734998 599 077847 629 545176311 659358

5162 14494 7354 695 9506301 624790 328 10503 705 771 716 7368 124 001 0001



5162 0412 10860 1850 2309 476 70694 2491 0297 257 694 588 0275 5230 629 1035412 82003 465188

5162 71718 5307 575 3113 3757 928 5183 075 19994





2050





170

4831




140
140
140

140
140




002


1136


4683
4683 5370

5381







5385
100124
100 125
160
1304 159 160





2016 4692





2015 2016 1136

154



5084 4692

156





1108 3561







148

230

148

148

148

148

230

230

230



102158

230

















5462









313 9864




603
603
567 568 209
209 567 568 2016
209 2015
2015 209
2015
92015 209
2015 209
92015 209
2015
112015 209
2015
82015
385
385
140
140

812017 10853

730 703029 380 38262722 371 371



5581

1011 3484020 3878625







5593 5593









4222026



3368





5532

20039 1004 0039 52435

5701 100

5701 5701




2016










2015 5409 3845



46921 5348













4494
250
250 250 300 300

100



5435







2634












1950
1950 1950

10114 730 703029 283 113 176 437 290 317 201 109176 7318 109176 28250 556 290 317 201 906659 7529 906659 28650 523 290 317 201 122472 743 122472 28780 873 873 623 873 290 317 201 319374 146 319374 27740 43252





20162017
140
140







81100 200









0291 028

5124















4157



3368





178

178



5840 403

827221454 64981099 3694372 447



5135

163 4728 1004230 10042255 2552552550 8163 4728 764 1454 363265 304215 1000 95396177953 2384663042384 127001 255000 1128 65536 850 850 1384111384 1384111384 1004232 100423210042325684 1004232 0284 1004232 0266 1004232 0265 1004232 0302 1004232 2998 0265027903020019 1004234 100423410042345684 1004234 0333 1004234 0325 1004234 0322 1004234 0319 1004234 2998 0319032403330022 1004231 100423110042315684 1004230 1004230 1004230 1004231 100 3017 1004233 100423310042335684 1004230 1004230 1004230 1004233 100 3008 1004235 100423510042355684 1004230 1004230 1004230 1004235 100 3999




440
440

5561

139 138



5877

10684794126906 2000 200 10684794126906 2000 200 10684794126906 2000 200 100001 200



157





6036



8276



1000




002
002



4692 5877

4692 6063 500 4836 500



183

183


721
1010 721 201605121812 201605121826







31536000




1604
1604 067 050





1010 1010





190







151





6256 151

6248 151

151 6247
151
151

5524 6147



184

5850



6204









4036

8467 14892 14892 14892 14892 14892 14892 14892 14892 14892 2019

















6315






151
151 1620


151
151

5415
151
151

6382

5695


151






184 184
151




5532

272 6656

732

4730 0009 00166 1322 330 5301 005
2013
2013





5462 6356
151
151



197



14515

500266110264 1095



1409 07441200 07441757 90925200 90929557 1409







65002 312













6597

1401

1391





5988



2674 4393 4730



2015



2016 1400

1395 1408

5933
012
012





6302

6302



















6529



11818

81100
151






6651



100
193
193 3874

6521















203 203

012











202



12378 7147456 71901 602 124 121 404007272 4040072720







1411

6629 7041

1414 400 466 466 148


151


















272016035222





7094

1972 1972







73869



6320 15000000 1506 15000000



6999 203 6999



7164 7167

7406 7160 71612 7162 7164 7165 7166 7167



7069 169

2016

1416













7162 7164 7165





7027 4564 124 121






151 20160808

151 20160808

151 20160808

151 20160808












2016





2016

100

2016







100



7271









350

201634











2016







7355 189 100 189 100 189 100 189 100 189 110 100 189 110100

















100
020
472 020
151







163
151


151
151













189
215
215







5790

5697 6249

6444









7474













1419



3622



972016





7346







205



5456

5850



102





6968 1152 6968 300 1000 721511


2016










7561 7557 7031 7032 7034 7559
20160908
151
151
151
151
151

151





7594

7165

7165 7162




219
219 235960 235960

























122016




1610
1610

7049

1404



224

223

6968








7049
7049 7677

7183







121 158 00000000000000 00000000000000



7742

6999



4692

565569





7336 036024































6168 8619



09401 071

7784



1630 1630 17816 695 979 1630 17816 3823 3609 9302016







6245

7560 7558 7031 7032 7034 7559







7891

225

6784 6785
















0026
101 0026 163 151 101 0026

7915







0921













1222016





193







7990 2013 7990





8000





10182016

152016 8080



7848

5503



000011000035













212 2915


241
241

593

108 108 8664



463

232
027
027 1150 1153 1155 1155







7139







209

5529





239 239
493
493

180000000

28113300 2016 28163310 2016 230943

100

2013 03214 2013 03214
247


8010 8010

8154



246







2193695372 40052 11811 40051 20161104 0127408830500 1402 397 227 1540000144000000 28422144 40127 1402 08512 1402 08512 1402 1436 1437 1438 8664 121 00007 1445573 227 103103 00007 1445573 227 10310 00007 1293 180 39820 00007 1290 180 1801870 180 179 15130 00007 12868 180 12040 00007 128607 180 25350 00007 12858 180 39960 00007 1284 180 51570 00007 1283 387 180 12080 00007 1283427 180 25390 00007 1282887 180 399100 00007 1281 928 619110 00007 1280 920 1090120 00007 1280388 920 316130 00007 127 778 588140 00007 127 604150 00007 127 126 160 00007 129 125 170 00007 778 102180 00007 5556 17703 4177190 00007 08512 0200 00007 08512 0210 00007 487 08512 0220 00007 565 08512 0230 00007 08512 0240 00007 08512 0250 00007 08512 0260 00007 08512 0270 00007 08512 0280 00007 487 08512 0290 00007 565 08512 0300 00007 08512 0310 00007 176 470 1227320 00007 09155 1758620 176 470 1334330 00007 1758620 176 470 892340 00007 6283 176 470 1617350 00007 2958 132536 139237 1769 1589380 00007 2959 1420390 00007 1769 466400 00007 496 1758620 359410 0000000000402 597420 00007 401 287 430 0000000000401

340





3219370046129638



8119



8180

5152017 12212016 09182017























249



161114103425208

8230 103



































203





















330













7321 10948 10948 13124 0505 13126 13152 13127 13128 13132 13131 109484910 114 7321 186 178 269

6168





1987




151
151









142017



7453 7454

7452





1000

7706



8417



8557 8557


006 021
006 021



1272016



7955 7150 7955 7150









123

201648

132017 1250 41061342188754 500 140



8295 8296
6824
6824



485



7799

8296





5790



8656






433
6297 8674
8230
8230



266





246






2017

2017
10065
2017
312017 8578
2017
212017 8660 222017 8670 232017 7780 272017 9247 282017 9248 292017 8661 2122017 7946 2152017 7780 2162017 8839 2172017 9470 2212017 8845
2017
32017 32017 8648 42017 8548 92017 8957 122017 8957 122017 8049 172017 7827 20232017 8668 312017 8985





8822


017
017 017 4602

8825 932 3201755759 933 4201715700

271 151 4161 271 368
663
663 342017


101
8414





















1755410440 4203410469 1755410440

8948 2016 2017 8948
2017

101
100101

2016



8232

8080








10779
107



201723 20171 8803





8467










229
229



8913



7891















010









6824


151
581 151


151
151

8256













9063 8716





8367





6561




















20176
9268





8200 1000 100

100 02102017

2990683841366709



22017 1617
836
836 130

7862194



1044


151
9356 151





151

9186





157 158



6816 500 405 9028 500

8670

9252



8547 4043 8547



12117 160 325 12117 325 160













1398







112






90738



121
121 120 120



454



9435

404 274 356 282 341



9182











6817 9411



2016

9535 9535





8088



228 180 9353 10116 5101 9353 12017 2000 2000





9343 82017 102017





7366 8113 610























6120





9249

9581





300 9187

293





12ε 10000π







9175





9740





130 240 130 659 130 786

9644

































100
302
9249



9383

9816



5466 221 5466








20170320




306



















9615




151
151

2169





307 4626







8951
20170327

20170313


303











151



9363

8854








151
151

2017 9843




9952
9952 9952 9952







313 9992

8467 8465
20170403




315



201714

317
















0124
0123 0124

10043



10065





9952
151
151







10229





5902

2017

2186



9862

9855

030


201716


540 1604









18194 201714





322









9962 10266

9843

188 20170417

430
10271
10271 10124 810 802042



10189 10310 10310





1500 1500





9757

018



10361

179 179 395 384 363 274 132 179

12440



10314 10212 10042 100124


294
294



10364

5895






256
256







3423 12391 123234 123234 180230 180230 2000 1234568923451656 0000 000 2000


3600
3600





9644







510
151

8145




9784





112017 8751 329 36627 591

211320





326
148
326





279

9644

9843









463 463

















160 11017 10601



8686 201711 201712 20171234 20171234012 20171234 20171234012











2186
20170417

20170410


090 163 090 166

10688

11118

9060







8491





9751



9676






014
015















043

10623




113
1130 1130


503
503 503


294
294

19424



9751


213
213














2014
2014 2015 7925 2015 11116



6356



226 928 226 226 226













62217 10560
7477
7477



10559

8080





352



10253 10565

10728


440 361
440 201725







353 2000
534






201726 1234
















2017

151
151 151


10469
10469

600 600





9050


99999
11163

0102





8289
2017
2017



11355

812







11300





2014 2015







10005
20170731
201707310300







000

78189 11467



367 11162


201731
201731 11095


564
564 11468














294



542




11514















5922
201732


11514


20171014








11514 11514




038
038



11613








038
038



11612 11693 5887















11718














201735



214
213

5922






201736






10765







201736

11329 11330

4141









385

11943

385

385





11322 11866







11971



2017

2017

11332 9060 9153 6911 11332



100 124







11682 10859


042
042 2017 035 2014 042







391





100000













201717 201739









056 12132

056



4200 4200 33420042004332202220 1000 2016 32100023067 150 180











10765



2017

2015 410985

2015 410985


130
130

2015











12308

402







12367 12366

12367

12367

12367

12367



1306 496 13021 261 13014 6640 150 388 1629







11935 11935



392
407

140
140 140











037





12429


409
409 12450



1604













12253



397





5922





100 1000

9174



9953 9953





056 12613 12371


150
150 150 150 150


148








612



12764



12366

10765 10765 10765

140

12776 12776

















534 201746 12545

12882









11162









13191681767193026 07958581413409266 8643434512115258 13130081532416503 12142017 13037 13036 13039 13038





20181211



421









12404 11330


503
503


12968






9615


411657
5033 411657

7321

7321 0505



8409 0505

10544












1024
1024 163

10765


201801
201801

12370
502
8200 94621152
140
140 140 140
2018
2018







10729 322

556





331 0070 125 4040 284980838494159346332859963197394003588015008077164004575243321809053000000000121521856812314557396697501646931 309604600362557029 319647062881997884



140
9071
9071
















028
028

250



13099 09909882575279574 0992205622144179 00072994581062348135 0009400119782442063 099098825752795740992205622144179 000729945810623481350009400119782442063

























270840 002708 30103 231



6415 6415

9953 12931




140
140

13203 145

01646

1234



176



13163











12853

0921 921






503
503 5032 5032







13154

13301



13163 13163 12257

13163 13163
142


13458



13564







108 122








20180215











108 122
122 108

2014 451









13553 1341109813 13553 1341109813 12692 20180125 122055





13410 8098 13410 13410 13410

13303


201808
201808

2578

453 453









20180214



121



















5727 201810 11138







460

13768 20180313095524833



13406





13781



461





13530


503
564 503




540




462









13847







2711 1606 1628 2018











180















471 251

















14060











201814 201814 13890 201814 9813 0921

13042













14153

125 126 149 8201 10424 25012 22131 21094 24040 23306



9813 102 14118

13756

13756

981334 14118







13975















478



475



14162



10214




20180502
20180502 3432110
150
150 13258 150

8201 015000 014040 5102018



14134


334
479

1142













14335









12672 162

14159





100
20180509
14138









4708470947114712471347144715471647174718472047214722472347244725472647274728473047314732473347344735473647374738474047414743474447454746474747484749475047514752475347544755475647574758475947604761476247634764476647684769477047714772477347744775477647774778477947804781478247834784478547864787478847894790479147924793479447954796479747984799480048014802480348044805480648074918



15570



151







14391



14149

12315



13790

14391





12620

14507

2000



1612 1613






474


8215







14429











2015





11953
2015
2015 2015



14509






266


510 1520





14647 13467675665019143266 199





14647 13467675665019143266 199



6132018









14429





638

14728

080 8182 8384













21012131





1282 1383


3210
14305 327 3210



100 09180511 2018 300 2629 15160717 2018

6252018 25501 244 255 14780 1498

























14620







7186



2018





100 29802987









207215205205215205215215 2000 205099374205001761001000009900032999340030009995321952220013





981344 25600120004919930409582 925600120004919930145803 25600 005773420155637 25600 005500900170189 251000120004879880951774 925100012000487988015138 251000 005771200165587 251000 005355990171046 80600120003791270132309 9806001200037392600524557 80600 0039262800535469 80600 0043759900578543



160



201823




14765








14510



2017




334
334 14305

9937
225
14924

114 303 222 100000 8000

14334




1110
1110 14122 190 190 14122




498
498 498







201828 9813 201828 14988 9813



500









015 100

00149370008658 7252018 15206 8282018

114 303
1122
14828
1122
1122









100 11899 11899 100 10684794126906002777777777777777

13363







15098

14736

25610

15189

484

1950 2000





15832 827









504

15213

333

15199
















352
352 2639
352
352 2639







15326

15244



15098








168
167 166


168
168 15385 168 166


113
111 113
168
168

15372



15139






168
168 15385 168 15385




091
091

300





100
2018
2018

201832


20180816


15034
168


15406



2018







14224 14289



417853073271391 399294519599888 3595






13293







400
400 400 500 500







15104



15189





100



15500 15500















15347





14503







517

15653 15646



15646









15336



122019 368 112

15424




2018












15401


2018




15599

15422 15472









15151



10302



10302



528



201838 10302

15500 15500



201838





2018

201838 10302






201838
201838

15850





7009

294

105 109 109

322 10302













2015 2015



107 109






251
251

15826


114
15500 114


534




10302 15857 201840

189





15686 16159
15686
15686


16068
201840 16068





201841 201839
50311 2019
2019 50311 564


201841
15663

502

16151

14262 200


170
170



15588















15682 113 114

14011 537 14011





16235


2015
2015 54123









15537

20181025





535

16286



200320032000200020032003 3454 16013 1222244 388 3454 16013 1222244 447 3454 16013 1222244 149 217 3454 16013 1222244 149 361 378 521 200320032000200020032003


9615
9615 201836 15869



201842 16095







15901

15500







151 5050




16392
16392 201844

15767







15823







3195 3218





15862















321 7225 7405 301317 2015




79022
4151 100 20181031 79022 310 3099







13081

840 30040 125 149 130





15588



502 334 20181012 3454 1607 9645 101 102 103 104 105 20181012 3454 1607 9645 356357 358 359 360



16596









3990039900 4189941899



098



508 16273





















15895















3276



















220

019
006
11021 006 006 11021 11021 006 5884 038955 250217 105010600215884 20180426174356













16017 16519 16536



























2014



115 114







10015010120



























16819

110 113

10153

















16797











17060















16048 100 100 6000 100





201847









142018 8201 01511 01511 01511 01511 4110 8201 01511 01511 01511 01511 4110 8201 01511 01511 01511 01511 8201 01511 01511 01511 01511 4110





























512 512













16728

891 223 464564 495 6902





01171912

560







554

2015 2015 2014






1216
564







2018














201902
201902





































17038











17228 270095325 201807241028453

17451





17395





17610

16467 16227

2018

2018

2018

2018

2018

2018

2018

569



541




006
006 006

16409

14019

140404011010



0360















098 550






093
17549





12558 12558



16855







15201



212213
150
150









17496 17496





17495










632
632











250













17023



17366






168
162 168 168 167 162 163 163 166 166





17610 17768

910 6267 5660 1416







17814

273637 1604 17027 17814







150


011


99999 999999 170




251
251

17609

456100644 14113




004
004 285 385





2019



20190130 022


403
403 403











17610

570

1617423020806209416174230208062097

18035



















106 294



























6024















503 2018

03122019 75724 02222019 504

10156 10156







17753 17753





4060

16536 180 190



212019 100


18035
18035





10153



18035

163 0360 270 270

16084















294 503 100 2019



626

17025









18304 18304



1214











525507595
2019


1800


17601
17601


505
505
















1425 1463 1465
1425 1463 1465

2015 10242 2015 2015

























18405

8201











18318

550 16536









00875 00875 00875 00875 00875 330 00875 00875 00875 00875 00875 00875 00875 00875 00875 00875


































13202
13202

8201 8201 8201





13293 134 7937 703 79429136



3841 390





768

20190321 18344







18367 1216 1218







17950
500000
2019030800135 500000 20190308000135 082019 20190308 20190308 2019030800135 201911 18051
20190325

229
229



17830 9615 9697
18491 18637
18491 18637

18666

1411422381056722 20181111000602 20181111000602 20181111000602 20181111000602 001542 916 365 461 721 1114 831 410 464 2041 2175 1568 996 1125 162 114 404 210 135 420 2002



00875 00875 00875 00875



04032019 10000000 50000 03282019 5000



10011 100

18656


169
1001 10010463 168 169 168 1000 100010444











1404031700

1404031300



















109 100010444 345121172 127









03292019

9873







9873 9435



18050













0112 302017 100 2019







300





231 232





18344



19139



17956

201914 18300 9615 0810103 26050260362606026032 16537



20190408
50310
50310 50310 148 151









18635 100

18915




040












040



400

17775















10156 201910 201914 1228 450

3457



3459

19240








11224
11224



006 021


2019061014
19265 19265 201906 201910 201914







10384 14429











18454





32019



19371







15862 16805



















232







101

















19251
19000101
19000101





3110







2015










19601
19601









595



17633

































610





20190508









19579













































19749



20190518









19385 21097
1554
1554







0360 360º 524



597
2019



19638
19638



19189









19517

19638





2015 2015













19873





18417 2015

596









19898





19875







20182 26163200 2019 504
3100
3100

200





19731 19638


1554
0362 0390 0362 1554







19616













19978





18012
635
635









19880


310













310


19951



20089

20089















19837

18309

17215 18732

17888



18555



18378

17468 17469 18756



17200 17668

16913 16914 16915 16943 16944

16910













201924

19474







210

209









18112
310
310 310
310
3100


0623





319 1728
1728 319









15340 540





19382





20154



309







20145






400
400
3102
3102













605



201926 201926 19560 201926 19712

17566

286

200

1015


310
310



1900

2000









606



20205



20482 55555 2398





1979 9615


400
400



616



202

255 437

387




















400
3102





















812816

2490

20842













334

331
2019
2019





1212 186 20190330 345121172 18008 147 20190330 345121172 18002 710 388 20190330 345121172 18002 710 447 20190330 345121172 18002 710 150 20190330 345121172 18008 294 20190330 345121172 18002 710 150 20190330 345121172 18008 525 20190330 345121172 18008 471 20190330 345121172 18008 395 20190330 345121172 18008 1136 20190330 345121172 180010 83990 117 186
2019
2019
2019
2019



17205

20154









21014













20998




400
400
411
411

20763

12345 12345123







617 20548
20190823
20190823 599



20849









201929 201933

21014






623
623

21067
2018
2018 132 2015 132 2018 132 2015 2018





20692







13381

18494



21188
420

400
400





16297

21171









21065 190







21186

410929 20150217 20484096 54242740 6008734140 131960 148 410929 20150217 6008734140 19600 6008734140 1960 20190330 345121172 18104 915 1276 20190330 345121172 18108 5734 185 20190330 34512 20190330 345121172 18104 6695 388 20190330 345121172 18104 6695 447 20190330 345121172 18104 6695 150 20190330 345121172 18104 202 20190330 345121172 18104 6695 150 20190330 345121172 18104 276 20190330 345121172 18104 6695 150 20190330 345121172 181015 153667 353 20190330 345121172 18109 7190 153 20190330 345121172 18109 7190 386 20190330 345121172 18109 7190 349 20190330 345121172 18109 7190 274 20190330 345121172 18109 7190 274 20190330 345121172 181015 262 6008734140 19600 6008734140 1960

1404031300





20154





023















21216 21268



21950 20161



20173 20176 16910





16297 16297

351



20864



0002 600





19873

218



272

133

21317
420
420





2186


21358
21358

20432

630

1730



2015 2015


201938
201938

17023

1234567



17023









20190926









































19848

17215 18732 20197







201940






18610
190













3512 3100 351 3100















21203



100 100





201941 138 201940
440
440

21263

2018



19991 19790 19789



21048




503
503 20191018173958231 264 126 231 166 193 166 198 496 140 650 342 790 1468 1149 624 748













2015















098 16503



21773



15257

21877



18424







21699


2019








21885







20178



21175
440 3100
440



21959

3100
2018
2016 2018 21158



19473














2019


365

357

792 256 1014 100010444 34512 032070

20155

459 459

















21951






503
20191028 503
18610
18610




400
400 500 441 100





22066

400403 408

1145








1000
1000 980 1000 2619998005017726147350052809 2614754005279426199840050191 478053065883556 3957219530945321 1020 898 898 898 898 272898 478396 26409 6205 272 237 237 237 10242048 924925510004940 98240851 97975441 7429 1708 139 1228 1228 1228 1228 288970 20140301 124094082061435674 20191101 345124 902 18105 286 1279 20191101 345124 902 181014 371438 185 20191101 34512 20191101 34512 2657 108 127 153 122 124094082061435674 20191101 345124 902 18109 032 388 20191101 345124 902 18109 032 447 20191101 345124 902 18109 032 150 20191101 345124 902 18104 218 20191101 345124 902 18109 032 150 20191101 345124 902 18104 306 20191101 345124 902 18109 032 150 20191101 345124 902 181014 371438 139 20191101 345124 902 18109 032 150 20191101 345124 902 181014 371438 315 20191101 345124 902 18109 032 150 20191101 345124 902 181014 371438 331 20191101 345124 902 181014 371438 392 20191101 34512 1500 20191101 34512 1913 20191101 34512 141 20191101 34512 3585 20191101 34512 2659 108 127 153 122 124094082061435674



22032


21106
21106





644 22071 22070

21951 22104 22066 22067

22144

351





201945
2019
2019 230 1230 11122 1113 200 1200 229








107


22070 190 190 200

18610


20191106




22216







18610





21330
292
292





21974






639


356


22303
22303












020
020


643
643



















21990



22234


641
641



201932



22093








1933 1664
1933 1664













045 047 055

22451





639 451



22618



10000

22550

















21875







502

396



438 21911 1015


2015
2015 2015









20763

5550











22627

22531

2015 026 2015 201912









22769














200
200 22305














117
117 58100644 11881189 100 100 100 0500 3071030811 100 0500 100 0500 100 0500

20163 20163
















460
460



21221



20488

2015





17566

2100 2000











22957



23075

150000

19848 21537

18175

18175





657





23024




017




17215 18732 20197 21536

005



22541









20971



20971
650
650



504 503 203







23171



23121

23059


21221






18126 8601



20200123
460 130

441 121


23171

00020396

22708







327220190225160606 409 0001001021 0002001019 000201001 0003001019 000301001 0004001019 0005001019 000501001 0006001019 000601001 0007001019 0008001019 000801001 0009001019 000901001 0010001019 001101001 001201001 001401001 001501001 001701001 001801001 002001001 002101001 002301001 002401001 002501001 002701001 002901001 003001001 003201001 003301001 003501001 000100109 000200108 000300108 000400108 000500107 000600108 000700108 000800108 000900107 001000107 300 450 000152 00010008000100022 00010008000200022 000251 00020008000100022 00020008000200022 00030008000100022 00030008000200022 00040008000100022 00040008000200022 00050008000100022 00050008000200022 00060008000100022 00060008000200022 00070008000100022 00070008000200022 00080008000100022 00080008000200022 42086851 4301 4550014 455051 4552252 4552401 4552551 4552701 4552751 4552851 4553001 4553151 4555451 4556851 4556871 4556891 45569100000000000011 45569300000000000011 45569500000000000011 45569700000000000021 4556985 45569900000000000021 45570100000000000021 45570300000000000031 455755960 4672 46786851 46786923 46786951 46787041 46787251 4786842 4786871 47868800000000000011 4786902 4786911 47869199999999999991 47869200000000000021 47869299999999999981 4786931 47869399999999999981 4786941 47869499999999999971 47869599999999999971 4786961 47869600000000000021 47869699999999999961 47869799999999999951 47869835 47869800000000000011 47869899999999999951 47869899999999999991 47870000000000000031 47870199999999999991 47870200000000000021 47870499999999999991 47870799999999999981 47871099999999999981 47886856 4807 5401 6008671 60086761 60086811 60086841 60086921 60086961 60087252 6323941 632396999999999999961 6323981 6323991 63239999999999999991 6324001 632400999999999999941 6324011 632401999999999999961 6324022 63240299999999999991 6324031 632403000000000000042 63240399999999999991 632404000000000000062 632404621 63240499999999999991 6324056 63240500000000000012 63240599999999999991 63240600000000000012 63240699999999999991 63240700000000000012 63240799999999999991 63240800000000000011 6324092 632409999999999999861 63241099999999999991 6324131 632581 632588749 6325891 63275551 63277033999999999962 75086411 75086771 75086811 75086831 75086951 75087021 75087041 75087151 75087271 75087361 84010 84087021 84087111 84087172 84087271 84087391 98086851 98086921 98087011 98087112 98087181 98087291 98087351 98087361 98087563 98087681 632 402 180 6327359051







22170









422 20200127







21204
004
004









22817

661 2000



1900

1900 20154 2000

22382

20190306 20190306000014


117
22817 117



2015 23069

610

600700 500
118
22817 1182 100

15536










460 140


903986 90398690398622



000000


3311
22817 1313 131 138





295 387



23290

23490

660 472

18309 20198









202007 202006 2020066 81841 202007





22655 22655 2015

2014 20127
2015
2015 2015

18044







670
470 140


23255









808080 27182718

20200220 34712984 19009 078 388 20200220 34712984 19009 078 447 20200220 34712984 19009 078 150 20200220 34712984 19006 856 180 20200220 34712984 19009 078 150 20200220 34712984 19006 856 267 20200220 34712984 19009 078 150 20200220 34712984 190013 744 975 212 20200220 34712984 19009 078 150 20200220 34712984 190013 744 975 128 20200220 34712984 19009 078 150 20200220 34712984 190013 744 975 222 20200220 34712984 19009 078 150 20200220 34712984 190013 744 975 416 20200220 34712 4303








387
23394 387



22655

22655

23118

23717 23503

31303







126







500

22655







400



100



21931





658

22655 2015




470 141




2020 162






521
521









585 585

673



202008



411 376



23106





















2019







17169





23778



20200323





23616 23616

202012


21849


411 376 410

24012 411 376 410

















470

24055




202013
202013










162
162





1530


251
003 135



24410



24285

1506 905 906 1506



















24316







17597





110 100







21849

24350



1700

17757



2627 2015

17597











24392









24461 24461









262

23671




510
510 510

24062













590



















21764



017







149









149 149

149



























24537


21764



202018
202018



6569



24664













24288 18438


180
180



2013

24422 24423 24610 202018 202016 202016 202015















103





















468





23078





1181 141 401 070 321 092 100 11243 0610 009 304
512
21196 5120



2015

24938 24734



24062 9598 24319



24931
100
100 411



24923





24584 202019 202020

17597

202020 202020









202017 202019







25019 25019
21724
21724

25007

21939

404









25062 25063 25065 25066



2000 24799

412 22109 133 378 411

24613





24835













24858 23302 23622

17215 18732 20197 21536 23148



010

24610



529



20200528









23980







0360 720

13353





25179

413 414 411







337 202022 345 357 202022 25176 387 468 515 527 656 718 816 921 926 973 1010 945 0387 0468 0515 0527 0656 0718 0816 0921 0926 0973 1010 0945 20170110 202019 24822 387 468 515 527 656 718 816 921 926 973 1010 945 0387 0468 0515 0527 0656 0718 0816 0921 0926 0973 1010 0945 20170110357 402

202022 24797







20200604

301



25243 202

001 001 001

24613





23980









25325









25045

416
5140 221
221 5140 120 510 411

202022



25325

25333










162
162

100 100

25325 25327

62503396

25354

1000000

23983





25327





24058 563





25474

170





25126











































001 001 201 001


5150
23255





25689



25447
202025

25707
25707
231
230



698
2020


18692



416105 2100644 73977397

21333











25475 25856















2015 25448



25159







25243 4000





2015





22255 202019 24822 9813 202022 25176 9813







































600




25793


21915

231
25934
25934 25934















25923





697
232
232









20191012 150216071000 20191012 150216071000



25712

21915

541 624









303 302



25856













25891













26120









1122









6569

100000 60000



24475







26195









717
2020
2020

26119




2020
2020 810814













26119 25985



20131103 20131103010


233
232
















2020
2020





2000



24955











25923





24592



26310



26138


2020




400 274 346 136





26182



202007290234 3130





26331 2015







1598279875







26270



26391



19235

26486



1891950 189200812

25002 123 187107 25002 123 187107 25002 123 187108 25002 123 187108 25002 123 187109 25002 123 187109 25002 123 187110 25002 123 187110 123

26476






