






302 61158





299 303

2005







376 376





















621



613













060200 060202

004

179

128 128 128 128 1380 128 128 128 128





















24514247621140

1362







34242 6872734242 86872834242 86872934242

7001487

210 622 624 624 7001065 624

















7001552

1602 517 7001562 453

7001565



7001567



464 389





7001577 567 624 7001577 1602 517 7001577

7001577 7001577

620 620 7001577 7001577



200 169 777777 160 2000















624



700





000 000 000 701266











703 642







760



100



7042

444444



20130314094407224

704

637

704







3248







138

197

624 705





705









625 706

2008 9331 716 5372 9847 4987 2687 5329 8507 5652 9163 9335



7705

26413
620
561 705 620 561

404
705 710
705 710 5202013122551 710

112 284





26656

706 706 210 20100101 210 61238 2065





26408





14025050010002000







1148 3002500 500 500



06062013165722 06062013165722 108





626 703

710 2013







3000000



















712672 123 123





1022 114



706

369 126 369 20130723 1117589400000









980 380 980 380 980 380 980 380 5000 2500


710
710 710

100 150 500





710



441
710
710

710 102 102 102 102



615 706 710 6152 1003 706 100





127001





622 513



81201313221 110001120500 8281201313221 711 711 7970 54102 72141 828 8281201313220 711 711 4624 5786 0213 519 8281201313220 711 711 35632597 8281201313220 711 711 7915 841 89943 853826493







404 404 404 404 500 500 404 404 500 404 404 500

700 706



7126762

5000 5500

710 706

1112 711382 1112 711382

126 126 126 126 126 126 126 126 126 126 126 126 126 126 126 126 126 126 126 126 126 126 126 126 126 126 126 126 126 126 126 126 126 126 126 126 126 126 140 140 140 140 140 140 140 140 140 140 140 140 140 140 140 140 140 140 140 140 140 140 140 140 140 140 140 140 140 140 140 140 140 140 140 140 140 140 141 141 141 141 141 141 141 141 141 141 141 141 141 141 141 141 141 141 141 141 141 141 141 141 141 141 141 141 141 141 141 141 141 141 141 141 141 141 142 142 142 142 142 142 142 142 142 142 142 142 142 142 142 142 142 142 142 142 142 142 142 142 142 142 142 142 142 142 142 142 142 142 142 142 142 142 143 143 143 143 143 143 143 143 143 143 143 143 143 143 143 143 143 143 143 143 143 143 143 143 143 143 143 143 143 143 143 143 143 143 143 143 143 143 144 144 144 144 144 144 144 144 144 144 144 144 144 144 144 144 144 144 144 144 144 144 144 144 144 144 144 144 144 144 144 144 144 144 144 144 144 144 145 145 145 145 145 145 145 145 145 145 145 145 145 145 145 145 145 145 145 145 145 145 145 145 145 145 145 145 145 145 145 145 145 145 145 145 145 145 148 148 148 148 148 148 148 148 148 148 148 148 148 148 148 148 148 148 148 148 148 148 148 148 148 148 148 148 148 148 148 148 148 148 148 148 148 148 149 149 149 149 149 149 149 149 149 149 149 149 149 149 149 149 149 149 149 149 149 149 149 149 149 149 149 149 149 149 149 149 149 149 149 149 149 149 150 150 150 150 150 150 150 150 150 150 150 150 150 150 150 150 150 150 150 150 150 150 150 150 150 150 150 150 150 150 150 150 150 150 150 150 150 150 151 151 151 151 151 151 151 151 151 151 151 151 151 151 151 151 151 151 151 151 151 151 151 151 151 151 151 151 151 151 151 151 151 151 151 151 151 151 152 152 152 152 152 152 152 152 152 152 152 152 152 152 152 152 152 152 152 152 152 152 152 152 152 152 152 152 152 152 152 152 152 152 152 152 152 152 157 157 157 157 157 157 157 157 157 157 157 157 157 157 157 157 157 157 157 157 157 157 157 157 157 157 157 157 157 157 157 157 157 157 157 157 157 157 158 158 158 158 158 158 158 158 158 158 158 158 158 158 158 158 158 158 158 158 158 158 158 158 158 158 158 158 158 158 158 158 158 158 158 158 158 158 159 159 159 159 159 159 159 159 159 159 159 159 159 159 159 159 159 159 159 159 159 159 159 159 159 159 159 159 159 159 159 159 159 159 159 159 159 159 162 162 162 162 162 162 162 162 162 162 162 162 162 162 162 162 162 162 162 162 162 162 162 162 162 162 162 162 162 162 162 162 162 162 162 162 162 162 163 163 163 163 163 163 163 163 163 163 163 163 163 163 163 163 163 163 163 163 163 163 163 163 163 163 163 163 163 163 163 163 163 163 163 163 163 163 164 164 164 164 164 164 164 164 164 164 164 164 164 164 164 164 164 164 164 164 164 164 164 164 164 164 164 164 164 164 164 164 164 164 164 164 164 164 165 165 165 165 165 165 165 165 165 165 165 165 165 165 165 165 165 165 165 165 165 165 165 165 165 165 165 165 165 165 165 165 165 165 165 165 165 165





191
401
401

706 710

2000 2000 2000



110





7126762





404 712 972 404 404









1000



710 710





711 404 40411






404
711 404 404

301 301



711

711











100 100

502

711

110001 711





256

112 20130826112244589 20130826135345808 712182 3445

712 20130826145709326 20130826145709328 20130826145709332



711 53736 280150095 53736 1572 873045 883 4479211







203 115













712 404
712182
712182 712 199






404
404 123 12404

710

500



















08101407













711 711 53736 290154762 53736 890 787

711 404 138166



621 711 147 147 621 285 53736 290154762 53736 99438443 178 367 389 466 306 576 2030 739

712





7112



7112





7122942

112



7123062

7112

7123062 20130910092545528 80004005



7112 711 53736 290154766 53736 177 4626045 4480 843 711 53736 290154766 53736 2501 4267 151



2500 7500

5011

3577 7123222

3578 7123222

720 3782 3594

711 711

711 233
712
712 20122
712
712
712
712
712
712
712
712 712
712
712 712 20125
712
712 712 20125









700 700 7123332

712 712 7123473 7071 712 712 7071 712 712

711 712








































712
712 712
712
712 712 20123 1166
712
712 20122



711

7123332





1452 1456 456 250

169 142 157

şöğçü










629
629

720 720

712 120 141 141

712


712
712
712
712 594 1502 594 1502 712





370
712
27647 500 301 500 500 16572
070102
070102 ошибкамодульвнастоящеевремянедоступен 275 1502наиболееподходящийперегруженныйметоддля имеетнескольконедопустимыхаргументов 275 1502наиболееподходящийперегруженныйметоддля имеетнескольконедопустимыхаргументовв конецтрассировкивнутреннегостекаисключений

711

711



711

702







6164

7122









2012















7201952022



سیبø³ûø











705



10297902 113 225 894 480 336 350 382 80004005 11318198 4348404

















404



3373 3373









720 531





2000 2003 2008 2000 2003 2008 2008





720462







7200

3311 404 331 404

720 128 578 210 20100101 210 005618434 90640 5697















720 513





7205312


1980
1980 1980





















712 712 712



720









720573 175
404
404 404 404 404

20131031023000567 00155 4440

720



720580



720 484

720578



710 720

710 720

710 720577
627 720577
627 720577 720

720 27041

720 20131106114256635 2012 20131106114258699 2012 20131106114259266 2012

720 712 7205862 211 217 211 211 712 211

710 720





7205912 20131107101225421 720591 20131107101227566 720591
404
711 404 404 711 404 404

404





20131108120224





20131112175340
712 72181
712 72181

710 706 706 7202

257

3342



777 777 777 777 777 777 777 777

712 72059510 130742509 124021636 124022352

712 7205952 124021636 124022352


909



404 500
404500 404 500 404 500 404 500 404 500 404 500 404 500



720599








2012
2012 720599 20131118162910066







404 123123123





















720 7202







7212182

7212182

7212182





720 3782 4350 201710190938547510800

720 3782 4331

720 3782 4329

720 3782 4328

720 3782 4327

3593 720 3782 4326

720 3782 4325

720 3782 4324

720 3782 4323

720 3782 4322

720 3782 4321

720 3782 4320

720 3782 4319

720 3782 4318

720 3782 4317

720 3782 4316

720 3782 4315

720 3782 4314

720 3782 4313

720 3782 4312

720 3782 4311

720 3782 4310

4288 4291 720 3782 4309

720 3782 4308

720 3782 4307

720 3782 4306

720 3782 4305

720 3782 4304

720 3782 4303

720 3782 4302

720 3782 4301

720 3782 4300

720 3782 4299

720 3782 4298

720 3782 4297

720 3782 4296

3782 720 4295

720 3782 4294

720 3782 4293

720 3782 4292

720 3782 4291

4290 720 3782





3782

500 8526 500





3697

7212242 217

7212242 111 214 222


720





561 721
561721 561 561 561 561 80004005 561 561 628 692 175 498 641 80004005 561 561 1142 1193 80004005 561 561 12966756 159 12806561

720 72020131213175915 20131213010758













07010026762





7212812



12232013946 625 242 242251

520

721 2872

721 2872







3782



200















1015 20140108113219281 2012 111753120000 12319999115959
404
404























721



20140108163843433 20140108163843716


720 721360
720 721360 720 721360 01102014195843 80131904


615
712 615

2008 191 191 2008 191 236

196



300 20140110162132564 20140110162132570





720 新基準 我們秉持以客為先的精神致力提供可靠和效率出眾的服務憑藉簡化的運作流程我們有能力處理各種類型的貨品而我們優秀的服務水準將會為業界奠立新基準3 新基準

3782

720 721 121 121

4093




706 721
706 721 721362 01132014224550 80131904 244414 2612 7578

20140115104057352 104 270 80131904 342 1811 572 209 200 1226 789 157 133 3662864652
404
404 404 404 404 404 404 404 302 404 404 404 404 404 404 404 404 404 404 404 404 500 500 404 404 404 500 404

712





720



23950 3782













721


404
404 404







7212



















5222007 1222011
720
720


721
721
720




511 1234



130176 722225



20140211133022






612 722
02122014001613 80131904 1405 139 99598 36142 356688 02122014001613 80131904 1405 139 99598 36142 356688

3051





720 105 721 514 706





721 924143 30013

730 22841 153 100 124 12695360 300 1262 133 304 404 475 80004005 12889028 159 12730121









720 404











721 721



108















191 1103

















171








401
722 1296 2401 500





722300 500 2360 500 2360 500 2360 500 2360 500 2360









722300 500 404 20140304113634019 2012

721













7223002

7223003

721 122756 945 9387

































500



722 303

120 130













721 019101201912093011920





721

250














722
722 80131904 8555



4550







722
722
722









730103 0012 2013140340 121 78165 730103 0012 2013140340 121 78165

























2008



404 404



209 209 204

256





722
730
730 730 700 280 20100101 280 185 383 4246 2012





730 730 730

















5127





500 500







20140425053816 600



722
730


721722

3020


404












5153

730 722 730

722 730 730 678 722 730



404 404 404 404 404 404
404
3401847131 404 9597 9597 788 404 9597 9597 404 3401847137 404
404
404 722 404 723





722 2319 722








730
730 722 722 730

720 20140527114050007 107 80004005

730 438 12171 438 12171

720



700 730497
722 730
722303 730497 730497 20140603110641197 107 80004005 127001 54472 110 376 20140603110641265 107 127001 54472 110 376





730

731





295 142014

730 730

2012 2013



020001 06272014180748

731

720 730 730 720 730 20140630161020686990 720 730 730 720










731 731
731 710


732
700 73256 20140714130853318 2012 20140714130853428 2012 20140714130912063 2012 20140714130912078 2012 20140714130912094 2012

685

731 732



70301 70300

730 20140715154401713 2012 715201434401 2012 73260 73260 20140715154401806 2012 20140715154401838 2012

722















2601

732 911













200


731


100 1100 1100



201 133 01234567891011 40009 400011 40000011121330564151620708 9110 201 01234567891011 40009 400011 40000011121314151620708 9110 3056

3227



400 2030 20140520102249838 2012

111754 111753

732 733



401

712 720 4462

201 738

404

210765



301







734015 733 733 20141010141446289 107 80131904 667 84558 134 73820141010141446592 107 80131904 667 84558 134 73820141010141446603 107 80131904 667 84558 134 738

800







800 151 110 599 47329 771 053 107

3543 3543



301

20141016

453 115 800 453 53736 3802125104 53736 249 0778289820

800 53736 3802125111 53736 5967064 3849 800 53736 3802125111 53736 7769249 8519 0805854

800 53736 3802125111 53736 44888 045 347

800 758344 18047598150 41365

80004005


070400
210 300284 070400 20140507190307688120131011150417793320140507190306733

3432 1816 5893 5891 5709
070304
070302 070304 070302 070304



2014120292658

5520 5520 40415



3674





721 733112 19216827122 722303 5653 733



740











740





730




404
740 404





404 404 404





740 321 380



800 20150108150349



800

3529

712

6468 712 4000013801 0123 40002 40003 013801 4000013801 0123 40002 40003 013801

740 800

6493741 742

1048 358 800 350 20100101 350 000 60428

6377 740 500 20150122170238609 2012 740 345 740 105 740 289

800





740
734
20143399902 010000 734045 734 8002140 8002140 800 500 800 800







740 20150129165535540 2012



1011

20150203132440282

734 740



8111 8111







157 22293643505764



800 750

741 741



6186 741















404











1100 1100

























740 740 734 734 741 740 740 734 740



2012 451 452















1100 1100



404



740 5103 5176








2000
2000 2000











100











740











56747 741 741239 741239 695 741239 382





810510 20150414115345351 107 80004005 127001 54119 110 088 20150414115345523 107 127001 54119 110 088

6547

741 740
2010


010203 0102034

333 741 1234


























404
404 404 404 500 404

4602



810685 800



810391 950











404





734






720
720 070202 404 722

010205 0102 6295

6734

1020




403
403 403 403

740

5917 7036





742 5007





283

740

6554 20150610160517973 107 20150610160518061 107 20150610160518068 107 20150610160518072 107 20150610160518124 107 20150610160518130 107

741









740





20150616133316 20150616133316

850





070400 070401












304
304 304 304 304 304

























742







260 20150625151758545 560 260 248

5841 742 2050727 3030729 3530729 2015202924



901 899 1281





















07537 13253324334917 958399509646821791384347580141616050614279865037 95839950141616050661 5415 752 5214 3806 20150515 07181776265580000 752222 049 1981 810 249 450 081 918 976 480 9980 3181 0241 5735 998 058832 419 904 743 778 743778 12385 380 20100101 380 01516663191

740

500 2012 2014
110001120000
110001120000 110001120000







150

150

733





722 734 810















510 1025

800 165 500 278526 277978 27171 27267 27186 2783 273074 272750

742 100 100

7207 741 800 168 800 800 800 186 800 167 20150723145206245 2012 800 800 186 800 167

7207 419 20150723134318637 2012 800 230 800 274 800 547
404 500
404 500 404 500 404 500















17648 14561 14025 740 4441 740 4441 254217 253717 800 48165 29160 29244 5645 7453 8653 11953 24153 27353 28447 105 33853 141232 740 59221 740 62621 800 202945 66061 16659 6763 7663 47672 48972 51772 47172 48472 51172 49572 52572 57432 25625 29625 57729 25849 29851 720 14317 100 720 29313 720 24213 720 12913 720 4513 720 5113 720 6113 720 8313 720 9613 720 12813 720 13313 720 15013 720 19713 720 20313 720 20413 720 20917 720 24913 720 25213 102 720 30913 103 720 32313 106 720 33913 108 720 42413 110 720 48113 111 720 51413 112 720 51513 114 720 91313 115 720 137213 720 20521 720 4213 720 18513 107 720 3475 109 720 43017 720 10313 57748 57518 3169 4963 2273 742 86043 730 21213 730 25413 730 27513 742 21134 742 22530 4937 6753 2026 131670 290125 3081 2595 9559 5324 5621 104 33824 437 267 12234 5821 9225 76630 496339 17930 101 30230 17521 113 75918 7821 8121 9321 9621 385 569 2653 11026 4526
070401




























812 20150814134833 20150814135145

4180



800 2242















740 742



820524



7412











2015090472653

438 382 103 20150904144759769 800



1921682750



004 007

01010001000000 01010001000000







20150915094024 20150915094816





742











733 742 741 741









7022 628741 742

742 20150924135712935 2012



20150924141212185





741 800







4585 890 6492 820 294 53736 4502454101 53736


404

404
404 404 404 404

2664044 08487 800 420 110 10119226 10119226

100 20151007195100973 000 602 800 187 8006 800 5460 800 5402



20151007085221779 2012 800346



5000 3856 364 80131040 4000 3856 364 80131040



800





20151014125048526 700



112

7862 7862 20151015200634006 80004005

019 740





















500 500

















20151021091812















740

6761 741742 400 546 8526 400

12319999115959 12319999115959 20151023164814812 000 602451 12319999115959











742 1214 515 070402 515520
12319999115959
820 12319999115959







7791















20151102104154

454 5007 342



470 20151104170606210 000 60273 80131904 933 1540 879 515 200 304062 53182 240 616 11016







6637

430

430 134930

430

742 800 430
404
404 404



480 20151106082742249 2012



731 732 527





820 2102





404

20151112205703053 000 602 20151112205731759 000 602 20151112205731900 000 602 20151112205732912 000 602 20151112205733952 000 602 20151112205734989 000 602 20151112205736050 000 602 20151112205737087 000 602 20151112205738134 000 602 20151112205741238 000 602 20151112205742294 000 602 20151112205743342 000 602 20151112205747432 000 602 20151112205750503 000 602 20151112205751558 000 602 20151112205752621 000 602 20151112205754698 000 602


404
021 404

7289 800

800 20151113090046 800



20151117134116442 600 20151117134350729 600









518


404
14892 404 404 418 160 404 418 170 404 418 418 179 404 418 173 404 418 404 418 265 404 418 265 404 418 265 404 418 265 404 418 265 404 404

9400
404
518 021 404 404 616 556 579 520 519 510 404







20151117163931215 600

20151117163407631 800



535
404
404 20151119115931952 750 404 635835203680000000

528

528





540

540 205081 205081
404


20151119173233538 2012 80131904 1300 945400 804 78026 2812 1620151119173233585 2012 1060 80131904 1300 945400 804 78026 2812

535

542 5043 13769
404
7890 542 404 404 453 404
100
131

7928





7136

1021

833





7951

7751

7751
800

800
820











800 830
742 800
742



7891 20151202142053111 2012 800600 258 2700 8562 2117179 800

599 599



8036



800

800



608 104 03095308781 2012 20151203095443461 2012 800 259 800 272 130 800 169 800 861 800 173 800 494











12319999235959





800

634 742









20151210132753 800







800
404
663 500

000009047 08000027 04437 08000027 80131904 800 139 549 13674 5074 80131904 800 139 549 13674 214 80131904 800 139 549 13674 5074 80131904 800 139 549 13674 5074 80131904 800 139 549 13674 5074 80131904 800 139 549 13674 5074 80131904 800 139 549 13674 5074 80131904 800 139 549 13674 3726

100000

100 100



4619



8075 663 100 20151214170601766 2012 80004005 20151214170601985 2012 80004005 800 800 179 100



54129 20151216102535963 2012

419 239363 800 419 110

2015





4532

800674





800 741





742

10000 10000 100000



8007511




700
7928 800 700






2000


800 557058 118 782150 54635 8126



8312 800 800 800 800





080000 674



20002003 530



20160122132914

404 404 2020105 404

2188





194 2012 110

801 20160219095338640 475



740 801



104 115



20160302151900317 600

800 20160302111247

205081 801 618 20160309104121146 2012 134 801 494 801 354 801 865 20160309104121208 2012 134 801 494 801 354 801 865 20160309104129880 2012 133 801 305

162 840 29027 840 29038 840 290 2438

2015













080000 800 800 080000 080000 080000 080000 080000 80131904 800 800 800 800 800 800 6532 3526 846 423 310 2627 250 250 250 800 800 800 800 800 800 800 080000 080000

302 742 920301 801



123









5343 732 20160330152305021 720











8384
08000013








8003 800



803







20160520160503146

500 500





800801 802







805 850

8710 5827 805 850







804

08101407 911 0860518







3140



14892 700

741 803







500

500



8874



7490



052 052 052 052 052 052



08000001 08000002 4463 4520 4523 804226







590



900688 20161129161102024 720 900



20161202082005327

9001028 850220

2345 20161203153343640

20161203145051729 720

20161203124416476

20161203160958496 650



805

650 650 650 9048

20161215131347298 800



630 530

20161229140123114 767 20161229135755731 767 20161229140006104 767




89110 910
901 89110 91011

901

20170109141240225 20170109135812








403
400 401





900

7815





901

256 900 256

20170131151321367

20170201140333728 20170201140653986

5500000 01234567891011 40009 400011 40000011021314151620708 9110





874950081 874950081 401 401

301 301









900
901
901 901










902
902 500 914 914 9189 91100 91112 9129 91281 91579 913 913



910 20170216133729401 80004005 80004005 80004005 910 109 910 910 114 910 27920170216133731417 80004005 80004005 80004005 910 109 910 910 114 910 279

80004005 745 250 204 296



910 137 7948



20170220124350 800





10000 557058 735 0070 424 376



902 732 902 108 902 800 557058 25544 6534 239

20170227121223944 20170227121124082 20170227121038952

20170227115721540 20170227115757289

20170227115244403

20170227113250896

023 20170315133232 800





902



20170302171525389 20170302171555020 20170302171700087

20170303165730265



1000



20170308202258055




910
901 910 910 80004005 80004005 80004005

20170313171041660

20170315141949057

20170315095257639









20170323114219188



902



10000 999





8191 819 800

7610 7447




404
404

20170412093822610

9145





910 04437 400 400

910

910 910

910

910

2016

850

850

9108584838281 910 910 20170424081615654 910 1835 910

7475 8590

9721 910 503 20170425112733013 80004005 20170425112733076





910





20170502 45029

916243 800 1000 1000
902 910
902 910 902 9103
902 910
902 910 902 9103

200







700 700 700





700 700

910

9888

911 20170515171542 640

750







910 201705180943 800

911863

910


900901902 911
900 901 902 91166 20170523

401

910 20170529120101197 450 450





















920

911104161

102118

20170615163159518

20170621155044937 650 650

911


301
200 301 301 301 200 200 301

911102

911102

301 301



200 1200 1301 200

9824 9824 1024

910 8363



20170629124857290

090101122 650 650

20170630151559990

20170630121459089 650 650 20170630121731637 650 650



20170630154821961











891











07172017104919 07172017 07172017104919 07172017



















911









20170714170518172



410 410 420 420 420 410 420 410

503 20170717103857927

803 1003 20170718153729 810





911 181 181 20170719104037818







10059





911 911

911 910

10101







140



20170802131007244 650 650

2017 42017



762









20170809094016315



20170810140047626 750 750

92069 20170810125034728
321
321

5570583 2443468707347970 20170811084505471 750 750

20170811080457281 750 750




404
404 500 172017207 404 404





911 911 911 911 201709080941 800 911 900 962 24904 962 24750 96129 96129 96130 96129 96129 96130 96128 96130





920

080003 090101

742 911

5009 8829159 5009 8829159 20170918105705917





920 404 404 404 404 20170919142943800 720



20170921105242919

404
404
404 20170925131437817 720





20170927121500168 20170927121532552



20170929144125508 720

20170929125734207

1611383 130123 130123 130124 130123 130123 130123 130123 130124 130124





1629269 174606 53123 53123 53123 53123 53123 53123 53124 53124



404



20171003121002399 720

9638 20171003110627980



20171002164756415

20171004113848883 720

20171004130552555

20171004112902011

20171004102229821 720

742 911
500
500 20171005143752677 720 720

404 20171006125111290 20171006125139515

920 93604 20171006083711484 720





22311 1122124

911 920 404 10272



720 520



5570585170 887571 610065 5570580 963 86996 557058 14443 49278

720


090200
090200 720
1842





500
500 720







800





720 720













920194432 800











500 5570585170 887571 610065

2000



720

500

104111 20171027112441 8002 10411 20171027112513 800

343



720



35000 813

20171031202453016



35000 813

20171103081248878 720 720

20171103130456444
2016
80004005 911129232 1252

104551



720

5570585170 887571 610065

557058 59424 557058 14443 49278 5570585170 887571 610065

557058 14443 49278 5570585170 887571 610065 557058 59424

20171107153350 20171107153305

557058 59424 5570585170 887571 610065





5570585170 887571 610065 557058 59424 557058 14443 49278

9201131 20171110 81913 20171110 81910

920230



200 301

20171115115727564 720 20171115115805430 720



911



911 404

9001069 920115751 9092 20171117105353699 20171117105627723

742 911












2000
2000

100000



911133458 230 270

20171130135546106
2000
2000 2000 2000
503
503 503 20171204141612344 20171204132301

920102811 920253542 20171204172910488

20171204091935215



20171205092807362 720

090101133458 20171205224754165

902 902

20171206065146788

404 404




800
08000030 080000

126 722 722 733

920102840 20171214131644443

20171214020858538

20171215 43449

920197

920102840 20171219120209691

20171220133718





920288589 920119685 20171222113928814





911 911



920121879



090200289590 20171228120304850 20171228120037459 20171228122419579 20171228122551394

920121898 920102818



920292608 100 20180102142246426

20180103101840715 720

920292608 920200448 20180103115037099 20180103115103506

920297619 3363 325 555 5553 10321 20180104141046684

920297619 10583 20180104134333228

92029924 920200448 20180105154157681

200 20180110151208270

20180111122313579 720

920299624 10676 20180111101413368 20180111101425879 20180111101433841

20180111135210 800

920 920316647

920318650 20180112
2018
2018

920297619 920308641 20180115153047066 20180115153352390

920297619 92030864120180115145611 20180115145928

920323661 20180115130119234





20180116133716

090200323661 356 342

920323661 3363 32225 20180116143926646 20180116143937716

920323661 10663 920200448 20180116085634169

20180117121258652 720

920323661 416 416

920323661 500 20180118145358064

920323661 20181171114 20181171114

1439 19002077











9112

256 108 540867

920341696 20180125102208140 20180125102237342 20180125102246948



9211073

9201371007 400 400 20180201135222977

9201371005 20180201093710394

920

9201371007 20180202125651394 20180202130011622
500
9201371007 500 20180202110607481

20180211145606845

8908 100 8908 20180211194159073

9201381036
20047 033
920348740 20047 033 20063 045 20047 033 6720063 045 0046 567 911129 20180219144037501
