








200











401 200 6018 525 525 525 525 525 401 6018 401 200 6018 525 525 525 525 525 401 6018























207

215

42010 1221 42010 1218 500











185 240



050



196



3610 6047262 10626438







1000



138







317 235 26542 115













ï½2010























123



132010

1215 12152010 12152010 12152010 12152010

100

127 20101207 041329 071 20101207 031437 74993



1000











127











140 130



1000







50000

























090 090









2046







402





70000























π佈б



20110627





































120742122





100

















133 110









405






























































2012


























1000 1000

































1080 404













1068 110 180 515 180 2030 120 694






500
500





1000 1000 19992











100









1200









642







704

767



737

409








403
403





775





759







62013



210 148 292 355 164 118 373 1525





20140714164628336 1067310 404 200 311 311



500




330
330







10243 10003

330 322

20150911132640 8009 25212 117 500 200 500 200 1214 330 109





360
204
404





11200 2016193814 719443 3853 719443 3853 526 719443 3853 526 719443 3853 20160405 183652 20160405 183652









436 1129 436


