


































429



























1459





































880 880





7616

















1608















3424





500 404

09061













225

















1604 254224143176















1741 1746 1747 1735 1778 1894 1878







2015 626782 7295 87690 2033 7505 6500 868 169



25416024644









52218920061105

1604 2541462686



774 597 6020 0130 260 8770 125914 064 260 8770 125914 064 260 8770 125914 064 260 8770 125914 064

2548090168






404
404 404











1604 25422722467



















20170801 000000

1604 25416125588







25414589248

598 3244 0000 1502340075 1502340075

1872 1608





254197120146

254198104119





1604 25421122789
















390


1604 2542114223







25415879112

1604 2541581203

1604 25422420186



25419834242







561

100 50000



1990



365 365



1112 1604



25420580112


166
139













2548141251



25422425541











5821

1604 25480104127

1604 254166203175

1604 25481214176

8070 8070 8070

2123



20171003180245006



2541662178 541662178 255 25416220686 255 254166129183 255







25419816083

3159 373 3159 161 3159 191 3159 3159 2086 3159 163 3159 191 3159 3159 2086













25416615783

2541979619

5239

216006 10201710721 10201731229 2152



254205214155



254161145173

254205148172











1604 2542046674

1604 25416123214

1604 254204104120



254204243118

























290



254221151108

25422788100











25414615598



1604 25490171120

07005603 2346 6037277636045730342 2575 07005603 2346 07005603 2346 07005603 2346 991 07005603 2346 420012080 07005603 2346 5000 07005603 2346 246 420244 400 5700 1366300 764 07005603 2346 9641710 15649 40233 0409 2060 289 07005603 2346 246 420244 400 4202340000 1800010 07005603 2346 9641710 15649 40233 0409 1770 07005603 2346 110 000 615 07005603 2346 9641710 15649 40233 0409 1200 07005603 2346 43326 4400 540 07005603 2346 9641710 15649 40233 0409 240 07005603 2346 07005603 2346 9641710 15649 40233 0409 250











100

























99758786 20171128 190630279939625 23697 772555 352 0171128153810 317538 99759063 510 510 491 367 157 003 003 159 174 768 259 170 1918 114 399 472 2619 1801 2337 20171128 190630279914551




















1012
00278 509 3663798 4939 3061 3060 3117 3117 3123 3122 3187 3187 3211 3211 3122 3122 3212 3212 3169 3169 3183 3183 3088 3087 3198 3198 3178 3177 3194 3194 3267 3266 3244 3244 3381 3380 3415 3415 3445 3445









2377











5658 909 924 8171220162950 20171220 163350946 60353534749







2416







20171227 105242 20171227 105549





1604 2549215627



7103

2542212258



2349





































2542114814



1604 25419616165



1604 254144148137

254205156199





254147219159





2568











254163164130





174 367 223 192 2337 174 367 223 192 2337 182 367 223 192 2337 369 223 192 2337



2461

101230

101246





















09198 2453

2354













1604 23422816289

2562047 16854775808 1604





1604 25291111249

28243170620180129132547622 20180129132547629 2018012913254762920180129132547629 20180129132547630

1604 21072112112









1128





1604 2549192164

20180131 1640088624204 95573 530 932 654 5740 00010101 000000 95573 530 932 654 170 514 489 161 95573 530 932 654 319 95573 530 932 654 274 95573 530 932 654 213 95573 530 932 654 118 95573 530 932 654 111 514 434 302 95573 530 932 654 102 657 2197







2342275990





2562047 16854775807 1604

1604 1604







05163134 23088 201802051616161618972814792567608 201802051616161618972814792567608 201802051616161618972814792567608







1604 234228185201



















1604 234226193185







23422919196









1604













































25487242248




409
409 409

























60739 262 433 884 935 60739 262 433 884 438 60739 262 433 884 771 60739 262 433 884 256 60739 262 433 884 114 60739 262 433 884 60739 262 433 884 60739 262 433 884 60739 262 433 884 60739 262 433 884 401 60739 262 433 884 60739 262 433 884 60739 262 433 884 60739 262 433 884 478 60739 262 433 884 60739 262 433 884

404

1604 23422814551

1604 2542213435















2772





64847 667 358 220 192 2337 667 358 220 192 2337 64847 360 220 192 2337









08032018174128366 200 08032018174128370 08032018174128375 08032018174129240 211 000 21142958 211 000 3580 3580

500











25220188193



2542213232

110 200 200

15201870850 57288 57288

235173204177










404
404 502















218232114219













400 7051 68880





1604 2549151128

1604 254158142207

00030002000205000340001700017100020003000233400017000340001705



2018 3061




400


1604 2107227478











1000



20180403160000 11000 20180403160000
404
404

















515 489 290 2197



20180409195857 20180409195857 20180409195857 20180409195857 20180409195857 20180409195857

















5322









1449

913






310000


1604 2548610955

404







1604 21823216676

















1000



515 489 290 616 121 277 2197







300



25415268147



146625 1370 210 42084 3800 420 983 509 3982 453047 870 160 42084 3800 420 29438 420 4203862 420 983 509 3982 453047 910 983 509 3982 453047 910













3276

515 489 290 2197















6264 8270139723593781 980 230 0855 331265 754822180504192750





891

810

21072212818







3251







515 489 290 621 122 278 2197511181028











515 489 290 685 233 2197



















145 515 489 181 166 2197





3408

3407



25415299180







145 515 489 181 166 2197

400 15756 15756









6264 6989 2744726 66289 955 661539 6814 6264 6989 2744726 66289 955 661539 68141805280425480





3439







118 326 118 326







410























400











3266







1604 390 390







459 878 80354386249




100


3737 5147

20180627194136 20180627194136 20180627194136 20180627194136 20180627194136 201806272041358980000 201806271307140000

3586 3440 3439






404




















480305 9400 342 3455























1604 521 1604 641 1604 648 709

3633

427







2008 2008













9759 3645 81063 81067 81072 81074 81078







0013528195 20180723181800



724180812







445913 103 6230 162 264533 315 6230 162 264533 224 6230 162 264533 6230 162 264533 123 2197 6230 162 264533 225 6230 162 264533 6230 162 264533 123 2197

3614

400 32767 400 32767














4310
3866











6264 516 575 247 054 2544 6665 33156 57180805025019 6264 516 575 247 054 2544 6665 33156 57180805025019

3283 3283



802

184 515 489 192 114 142 192 2197





6858 237365
1804
1804 254164127144 548



20180808142123517 600


301
301

400

150
400
20200101 000000000 400





















357 357 357




404
404

10282 801 87625 801



5992


1804 418607
1804 2342306620









437







20180822193155274 420180822193155274

500 404 404

3455





180000

























7795888 737 355 037 989 43203



5211



100



20180905173910283

5246



5226 660 37060







121 523 513 390 174 148 1333
500
6264 4592 741 7492 997 2704180912020552 6264 4592 741 7492 997 2704180912020552 6264 4592 741 7492 997 2704180912020552 6264

184 515 489 290 173 266 519 573 166 114 142 192 2197


400








20271

3248



410
1000




1804
111
111 111 111



















200































5411 5412 5413

5407











4277 70684 4277 70684 757 4277 70684 492 4277 70684 134 4277 70684 106 4277 70684 4277 70684 4277 70684 174 4277 70684 148 2197





1134











92946 6211

2201824557 2201824557 2201824552 2201824546 2201824545 2201824541 2201824538 2201824531 2201824527 2201824522 2201824516 2201824512





026328 927 416

84559797 739 885 84559797 739 181 84559797 739 211 84559797 739 387 84559797 739 134 84559797 739 106 84559797 739 84559797 739 84559797 739 174 84559797 739 148 2197 84559797 739 885 84559797 739 181 84559797 739 211 84559797 739 387 84559797 739 134 84559797 739 106 84559797 739 84559797 739 84559797 739 174 84559797 739 148 2197 84559797 739 183 84559797 739 211 84559797 739 387 84559797 739 134 84559797 739 106 84559797 739 84559797 739 84559797 739 174 84559797 739 148 2197 84559797 739 212 84559797 739 387 84559797 739 134 84559797 739 106 84559797 739 84559797 739 84559797 739 174 84559797 739 148 2197 84559797 739 412 84559797 739 134 84559797 739 106 84559797 739 84559797 739 84559797 739 174 84559797 739 148 2197













32772

050 4332 513 270 050 4332 513 112 050 4332 513 050 4332 513 114





121 515 489 290 171 109 174 148 2197



5426



10910 2008 2008
















1604 29587
1604 5453 1706
1604
1604 25415734240 5334 1725

100

5483



3271





505







184 515 489 290 251 239 114



531 20181105152000 531 20181105152000 918 1115740 602 5323 847 316 918 1115740 602 5323 847 224 918 1115740 602 5323 847 918 1115740 602 5323 847 123 2197 918 1115740 602 5323 847 225 918 1115740 602 5323 847 918 1115740 602 5323 847 123 2197
















1604 898611
1604 5527 1779

13822











469

5432







































727 5379
04848
101219 5555 1805






1604 23319
1604 25272530 5515 1809



1730

100 1000































































225 28937 355 225 225 28937 355 225













5610







503

















6264 7669396 76553 50305 96482 181210223353













20181012 2018101220181012 20181012 20181012































































20181218191055317 1137 660

115







5409






10447745
23849349 5669





















101293 101238 101278

20190103102444624

























5522 5608








































404

94301
254158164127 627 3230 192154





















390





5419



















109 1470015





















20190215000710 20190215000710 20190215000710 20190215000710 20190215000710 7073 386 84287837901 202 941 20190215000700 20190215000710 000 20190215000710 101 20190215000710 101 20190215000710 101 20190215000710 101 20190215000711 000 20190215000711 101 20190215000711 101 20190215000711 3000 20190215000711 20190215000711 20190215000711 20190215000711 20190215000711 20190215000711 20190215000711 3000 20190215000711 20190215000711 20190215000711 20190215000711 20190215000711 20190215000711 20190215000711 20190215000711 20190215000711 20190215000711 20190215004737 20190215004737 20190215004737 20190215004737 20190215004737 44151 40451 89333528 20190215004700 20190215004737 101 20190215004737 101 20190215004737 101 20190215004737 101 20190215004737 101 20190215004737 20190215004802 20190215004802 20190215004802 20190215004802 20190215004802 8493997 20190215004800 20190215004802 000 20190215004802 101 20190215004802 101 20190215004802 101 20190215004802 101 20190215004802 000 20190215004802 101 20190215004802 101 20190215004802 3000 20190215004802 20190215004802 20190215004802 20190215004802 20190215004802 20190215004802 3000 20190215004802 20190215004802

1604







912 1000000 100 395 208 177 6264 246814 058073 26981 3593190215164850







1055 1059 065 2856 2856










500


624















213 5846





7789 7789 1140



5886







200



400

7203626119



20190301134416480





401 400









3678 3678







3719 1000 1000







12345 12345



































5882



254242246152 5882 20822092 206 9881 648 26724 9956787 191445

252918443 5882 20822092 206 9881 648 26724 9956787 191445

238156237 2096 5927 191527













6000 1000 6264 6264 6264 6264




















500
20190321 22351















1280 1485





6167

















128













20190402183745128
1604 4163122
1604 210026182205 5928 216501 192155













































7064

















101276 6001 2164 7624 001308 191341









6070





52019
















500
500 500























238944156 735 8219 191426

218212114126 735 8219 191426














1604 529
1604 23949554 6018 2219 8215 289 8001 623 191950











363 2650 570 3849 593217 69280 363 2650 570 3849 593217 69280



6274 310

20190429134139116















100

6264 0774 55729 1586 6602 094057 44190501210200 6264 9313 31051 10535 247832 4173 190502171035



782


1604
1604 23423917719 6108 2251 8396 49186 102 191350









2562047 16854775808





7690 987639 131 795 368 1508 61571







12741 6043















232





1604



































120





5977

300















2366
















1604 659180
1604 218207158136 5996 228621 191439







8007 932 1533 980909 39670 202 6150 276 2734479 853 202 615






1604 36745734
1604 5888 233029 191348

6196







2286 2287 2285





















6264





















500 1000



20190607184220727











2514









20190612132812025 447 224 186 20190612132934655 1731 747

















20190613 151254

128 20190613 145000



6082























3008





















































7112746 7637 295 7190625131109


1604 871638
1604 254210158253 6331 242024 192124







5960


































8220204 05769860 6569 011638 015 1130300305 985958 9190624201857
8220204 05769860 6569 011638 015 1130300305 985











20190702152428291
9755507
254161122158 2438 6347 191322







6333





















































011070 821083 6605151 9018647 027 018 200 066















400

400

400

1000

400 400

503 503

20190724175448950





404

725



































22019103551 31000070358



























9785 6538 680 0330 052019 800 062019

400

































122019160917













































































20190821162523 600 142019 12525
1604 819721
1604 6420 257920 191529

20190903112538



42219

604 30305 93646 618 6047 3627 0407809 458











906 902



















20190826 54254









252204110192 6581 259826 192155

















20190830113159833























8664 88850 61524 891

6441





6719 6718





910 900 911 1130




















955
23423915341 922 5910 192116



5960 2723







100





































201909270459027097260184595140677
1604 6696
1604 6793 191604











1014 1014

















65408 2507 211455 9793032 207 6697 191004184420

























1305





























20191018 92622 100





























0100 98816 085 06167

23571


1604 416596
1604 25416068104 6270 280425 191725



























925 459









5010000

200



5010000







400 100

6540





6270






500
500 500 500











1404





















091488 317364495 1804




1404
1604

065 2010 143 1214

















2020 20191115 103639










168



317055
2384161130 2890 7003 192241







200


































400
400 400








2017
2017





7028








1604 79830
1604 239138130 6882 295210 192037

607 120919 0489 525 608 710









1604

86621 331358 373 1718 3066155171

7077 5313




2017
12112019 2017







342414 20191213175746 822 79146 822 79146 342416 20191213181522 220 3912 220 3912 342418 20191213183311 701 430895 05133 701 430895 05133 2013 2015 642019











2019 2018 20191217095556482 20191217095628389


10002
1000000 10002

















7119









500























































6592









1691131538922827018 1691131538922827018 1691131538922827018 23420572241 2376











































6264 6264





393900 394834







03612































































1000



500


499
499





499


1604 924
1604 7119 2998 579 033 49866945 201705






















































404
404











499



200 44125000 1500



382 1804 1604 1804 1604













2542422413 314912 201414

234207144162 314912 201414



3662 3662 509 2373



20200213 44656

















1156































1012























































































































































































7304









5000






113




















2282020

422









































20200325 113136 600 20200325 113223 600

3498



8003987132



















330
















100






005 005











































7606







7698

































7732



































069286 0256011









200

100











1173



































16041804







































272 671 783 61827 445 1397 369722 887 200424133540 272 17495 4545 00010101 000000 00010101 000000



















100 7697







4042

401 301











123 123























001923903

1200









8176



1804













700









20200513175100199

20200513 1238011250000

























252869772 7990 360220 201424







































961837 675 29296 7742 725 5508








1604
1604 2391191170 1152 643621 16288 5869 2229 201435








700
700



















20200824 10636

















1604 1604













20200603071311390













20200604092057145











940















7974










404




20200608122601860 8104044138 10146































20200611 25731

254 37742 4114585


401




100















6917









8191

20200618 91850




769
254226139238 1363 370918 202045







404




2718716
218207164212 8204 202129



2762 48455




















1604
1604 2549113840 8169 371725 201946







1012 1014 1010





























1800









164 608 26103 969 51253595 820482 0971 55051 639 48608573

8304103116























20200714104304831





20200714104352718





12173 16811









































































149 505 1012

100 401 401













12641









500 400 12681 3834 562 128





450







450






2020 2020
2202064504 2202064503 2202070031 2202070037













2150

20200806 50221 50221

8183



1012

1234

20200810152858974




200
404 200 404





212







400



20200817162842844











100 49731 4973120




4096
4096 4096
















5450
234235152164 12481 391821 202035



















20202090841










