




















354 355 823
354
354









496





474









386







351 489









359





704















659









830





637















819

887





621















































1270019092 09092

11271852



























1299



1573







































1700 1699



































100

628









113





3674
100
100













2308 2308


100
100


















100
100
100
100 100



100
100

100

100

100

100
100
100
100 100
100
100
100
100
100
100 100
100
100


100
100
100
100 100



100
100
100 100 100
100
100 100 100
100
2802 100 100 100
100
100 100 100
100
100 100 100
100
100 100
100
100 100
100
100
100
100
100
100 100
100
100





















95525 7903565128 522365 926 8838 2101652 033 7660



















8787 10726

8787 10725 8864

10720

10720 10723

10720

10719 10719







333333 333333 333333



333333 333333 333333 333333





11942 11371

11175



333333













333333


111
111 1115
1115
111 1115









































































































148
