






100







700







13370





18518

100 100 100 14017



195 18049

19407

197







24262

19786





201



126 247 364

201 20110209 394 874 916 135 171



203

06013 0601 0600 07414 2253 1800 09164 2252 1800 18215 1821 0600 02514 2252 1800 18265 1826 0600 04264 2252 1800 06013 0601 0600 00001 0000 0000 06013 0601 0600 06013 0602 0600 06023 0602 0600 06021 0000 0000 07363 0736 0600 07363 0736 0600



17084

28962 100 2021





20245

213 213 213











404 404 404



6796



100 100

佐藤宏サトウヒロシ 李奎報이규보 陳美和ㄔㄣㄇㄟㄏㄨㄚ 50100









2012 2012 535

396 396



224











1301

100

1918 100663296 85462399 3066

152











1872 191 231







2012071202



211 224 231 20120726 5321 417 51630 010041 10044

1000 100 1366 11366 397 252 370 1098 1475 146 1338 153 148 105 296 111 141150 150 109

34472





231 231 231



2247

2242

2332

2332

2332

2332 2412

2322

2332 2412

2322

2332

2322

2332 2412

2332 2412

102030 100 51010201530204050 50100 1500010 21000020 31500030 42000040 50000100 51015 375100 1500010 21000020 31500030 37500100 375100 25100 3060 100 2321

2331

2332 2221 101

2131 101

2332 101

2131 101 2014 46662

2111 101



2211 101

500 500

21449



2211 2212 2243 101



2211 101

373

1352192574 1352192575 524 162

2131 101











233












527






2242





226 20121112 143 32627



1681201302051034

435 3192

37939 445000 6000 1200 772



38515













640 769 157 209 329 1313 1075 926 1744 872 2782

30102















29472

29472

29472





30818





37710 242 243

39158



1263 100007777816 021239779233136 24031248779298968 77741249179418320 84751516180373880 17161516180374616 1245

243 220 220













960



















































45055 43557 44637 45052 40997 44107



34422



















20130524 2008 105250 5318 39869





164 321 158 271 274 175

107 152 177 103 183 186 742 1040 336 353 454 682 725 772 131 133 115

141 124 166 197 189 239 255 377 40871

151 123 104 105 180 181 113

116 168 171 129 135 106 127 191 127

110 117 102 292 294 296

239 449 515 636 676 704 820 159 777 1248 1795

159 160 107

2416 2408 167 195 2110 2133 2392 2810 2846 3059 3146 3367 3428 3481 3828 4493 4495 4529 4762 4811 4999 5105 5107 5613 5652 5692 5734 5774 5831

133 247 303 149 160 182 286 417

107 114 134

118

772 0100 786 5791 446 455

145 151 157 166 850 870 876 882 895 902 929 947 1061 1522 164 174

296 310

108

213 269 213 100



191 1739 123

128 114 134 199 1524

252 280 2041 2291 2380 108 117

138



227 262 299 317 356 360

40037




60031










39854


















38614
38614 37565









768




38661
251 20130712201305140102





















1525 1514 162 164 100 165 167 950 192 194 237 111 117 121 155 157 165 175 178 452 459 512 520 523 526 539 546 567 570 578 582 587 595



136







2236 2265 2320 2325

1739

134 139 143 147 184 132

381 475 1514 1672 1737 1790 187

4288 4294 4311 4331 4383 4395

127 309 212 239

142 126 198 440

304 138 141



40897

2332





1357 1333





244 245







40493















39851









108 117

3637 5708 255 3637 5708 255



39851



39851
3120
3120

















39851

39814















































00933 1791217912

3637 263

404






















245
1919 1400













40976



100









39958









2014 2014 2014 2015 49152















10000 39958 39958 39959









18375




















34715




893 906 1520 153 163 157 315 147



360 360
































252
41942 252 252

5221 165



131050 41956





41856






500
500 777 666 755 644 755 644

41633







100 100



41633

41633


3130
3120 3130

393 294 174 103 174



2425 2425

42138









37181

100









41985

18386





404



42130

42129





998 998 442 239 743 1431 1504 1485 1464 297


1546 1545

2335 2238 2105 1813 1812

5260 5261
5060 5261
5258
5258
5257
5257



















38743

38743

42148



41935



20131018

321



27953









26170






41245


334 35426



37813













41797





42743

042 1372 1348









113 4213

201305140210 2216 600

37085 10971106

252



40054

















533 39007



















3580 163 191 115

3580 513

42962







11200 2013042715 790 1969092300 2013042715









447







37962





















20131205 1259







20131205 1310 55313 553402



41062



144



40058








317










11423 1088 1124 2998 285 11423 1088 1124 2998 285 6913 11451 11476 1423 882 287 6913 11451 11476 1423 882 287

20131213

42931













544 36119

217 25654 2010 201 2009 19536 2009 1907719010


404




25999

36334









44984





5551007



41030



























43784

41461

















































43867







021 20122 2012



43262 43259



































42079











































40921

43723

12931 404

43524

43524
3150






388 112 289 866

















































































28448


























3172
3150





44000





55510010

40520

100 32479 100 3683626

42381



39007 46064





35453



















45827













10062014 24062014 46022



















45893



463 138

























100 100











560 768 3419 719 768 3086 824 908 838 285 1639 2592 2592

397
42869
46197







104857600 100

103



46218





1103 1104

45893

44447























46175

17258









46569

25544







46191













































25544 46658 46658















100 100 100

46139

47125 47112

264 100 100 400 300300 110000010010000 210000010010000 20000020010000 310000010010000 0100 10000010020000 20000020020000 200 200

46950





2014 30899 39663













11010 22020 33030 44040 100 110125 330375 44050 47078 1102050 210405 380 20603333 120 240 3208025 20802500 1203300 2202500 1102050 3408050 501005000 1152075 3208025 351003500 1205000 2203500







100



















46862
46155
46155 46155

45893



45893 47244














141
140 141
101
100 101
4719
4715 4719
529
527 529


105
060 105
1702
1701 1702
519
518 519
051
050 051







200 100 200





436

1085 121 191 895 241
100
100 100 100





688





47363

39007 46064








150
141 150
201
101 201

4715
529
527 529


112
105 112
1703
1701 1703
519
518 519
051
051 8413 756958 2238514 051

42666

39007

51602



49460















50328

51247











51027





51506 51506

51506



51130 51130

51107
30112015
39007







51035 50976 51805 51805





51026

1234 124



481 284

550

























51870









51805

























52423





30372477 40000 44998















































487










13062016
51580





980 979 979































52979



155

172016

54846 304 293 54846



251 29848 26878 269 954 26976 261003 261058 261109 299





303 20160324 1071



57434



57316

55564 55564







51374

59039







59994









244

781 822 177 6100 6129 6139 6173 6232 6252 6262 6282 6303 273





62160 20180614092041093









10000000 00000000 10000000 100 10000000 315

57272 63676 63261

351

60514

63337




431
431







48947





2511 63310

64819



13201





364 362 354 364 355 1351 979 520 1852 491 461 150

911 63263 65218 34859
142
14142





63977 360 361 370 361 65832



354 536 2018



















65928


















371 802
371 486 1245 2743 1809 518 802













50733 7035 7137



2012





100 20190731155430625





















100200



51883









62497





65493











62497





2018





66893

270






67264
241119


67264

67264

67264


67290

6260770

142151 160

112113

765776 765776 765776 220221 541542

102106

301310

162166

152153

607613

41004120

5201452015

62968 39424 60588 67364

66481


67264


59365

65675













21412 412 21131 131 21332 21413



66906
52016
52015 52016 52015







67278

003 131 412

001 131 412

68132

68094 68132





67885

67969 244 131 332 411 249

131 332 411

133 145 149

136



67914





7273 2020 2020 23042020 7273 746 2020 2020 2020 2020012020

701 332 411 1411 249

101 403 411

501 502 503 67969 67902 64494 131 332 411 1411 225 314



67883



67585









350 282444 00875 350 282444 172 20191105 350 282444 00875 0038 2028 202019110529 403294 403294 282444 282444 010 178 0910





801 32526 64494 411 332 1411 314

68140

68111

68134 68134



2020030500 2020031000

67889 67889





68378 901 322 332 411 249 314









1103 67968 400 1104 68249 328 64494 252 332 411 1410 320 256 1411 314

1002 1001 67968 1001 68148 64494 321 332 411 1411

411 255

131 131 1205 200 1301 400 1303 1302 145 1201 252 332 411 144 200 1410 320 256 148 200 149 314

131 1205 400 68249 64494 252 332 411 1410 320 256 1411 249



68231





67968 100







411 249





131 131 1701 1702 1205 332 411

68360







2001 131 2002 2003 2004 131 111 332 411
412
412











3000 120







3738







60126







14676

14380
3738
68698



67883





1569

67901 131 332 411

68291 69262

2091















0000 172 172 172 172 350 350

0000 172 172 350 350

69324 69322

0000 0000 0000







125364 121376 137333 8169269 115396



451 451 373 1177 251

999999 2841 949494 3031 2581 6393 3021

1000



69560 69560 69560 69559 69561
