
389 419 212 389 419

221















123 12345 12345678910 12345678910111213141516

163 110 111 158 310 1746 767 658 250 218 233 310 886 908 662











322 330 331
1911
180 1911

2389 2699 1657 3925 202 190 306 247 5264























0110 0110


























259


8080 107 312 779 140

























6743




236
236







1000



6872





6653





20130618160426722 20130618160426904 101 134 209 311 895 918

8000 8000 8000

302













2007



20130923181212291 20130923181609797 333





















1626 134 1626 1612 15413

1402





1402 128 128 128 256 256 256 128 256 128 256 128 256 128 256







3510









350



7138





350





210
6432














7182















350
350 2013
260 2013 259





5000 5000













































8081 8081















1000 20100211142512

8081 8081



590

590 341 1000





1270018811 1270018811







































































7390



10910

















350 52014032508533272



















400





















40123 40123











237 237









7521



7587







60000















181



60000





















350

350
100
100



1337





193 193 193 606













351 351 351



186









































324 2014032427







7769

7769



514 5523 514 6705 5100


3210
3210





1024 1148 1024 1148 647 128 472 456 606


202
202


0151
351 0150 0151 340 0151 0151 0151











7800









7800

411































350






























0000
7985
9601


























8083 8083 123 404 404 123 404























9000 9000 9000











201




200
500 200 200











8028

8028



152 122 606

7390
147
147






401
500 401 500 401

20141114160737292 470 123 119 943 198 183 244 112 001 308 298 288 203 102 102 102 102 109 001 207 001 001 511 226 208 200 187 109 267 286 1145 615 745

















201 404
128


5148

404

360







1234


























100
100 8000 032





360 360 360 360

549









443







8113



405 404

443 10000 12345678 8082 259 463 259 12345678 259 259 12345678















100









8216





1270018811 1270018811












17060
6866 237 17060




7742
7742












100 2616





401





1402
1402 1402




2319

360






100 361 20150211002948112 29999 357 357 264







7588
7588
7588





500






401
401
2715




1234
















8315 7789
7789 8315




330
7588 330 1539




7588
7588





























1918
1919
1918



8453













373839





310 224



1527 8481

1527



370



8485



















185






8415
8415

3612 256 131 18031 18031 2531 17075 170





8534 8415









7588
095

401
416 310





370 7588







400 43511 22720




2320

1921










10004 200



102 403

200 500


219 006
8336





307 200 1921












2321
2320
6029
6029 20140119 20110013 20125886 20140075 20115062 20110534 20132067 20111184 20112526 20134286 20124431 20104172 20125568 20140096 20123544 20114858 20123546 20104312 20122733 20120022 20140227 20125885 20134590 20115064 20115063 20140099 20125887 20134322 20140227






270





253
253 20132027























2009 2010 20032009























362 363


8635
8635 8635

1927
8741


















20150723153152009 20150723153152009 20150723153154002 20150723153154003 20150723153156006 20150723153156007 20150723153156008

213 14106 435 88591 11200 197 2015142244 88591 88591

621 256



100000000
370


8277 362


























244
20153253 244
1931
8282 8829



















6279 6139








219 008
8831



7975



371







7383









128



16146 146 16146 150 16146 150 16146 150 16146 146

11200 11111 1121


154
154
373
373



400500
500 400
400500 500 400






500
500 400 400 9044











40321 322













9214









1218

1217

1213

1214

500 400 500























9089
219 009




9161




102
102

272 271

202






202
202 200





372 372



























9211









400





9216



9055



107 372 372 372 372 372 372































100

72503074







401









20160115143443672 102 235 20160115143455674 102 281



8909 9083





























8959

153 20134517 20132172 4723 54625 0318488 2380 9574 779























































151106174158370 1612 4740 811 5960 315 9416

204
































9703
9703 9703 9601





































8864









































000





124 157





9436



1402


1937




123













113 300 300 121 108 794 705 1800 1035 1176 1170 856 523 129 138 545 285 101 209 153 145 183 161 320 156 537 196 141 497 290 230 409 352 497 144
1937


500


























1712
177














219 010

219 010


0000 8081





9475







8873

9111

9503 9417 9556









3664















200 3600 401403


















9607
9607 9601



100

100





9216

















9665




















2325
232016











9652























9490







































































241

















100 1000 101 102 103 104 105 106 107 108 109 110 111 112 113 114 115 116 117 118 119 120 121 122 123 124 125 126 127 128 129 130 131 132 133 134 135 136 137 138 139 140 141 142 143 144 145 146 147 148 149 150 151 152 153 154 155 156 157 158 159 160 161 162 163 164 165 166 167 168 169 170 171 172 173 174 175 176 177 178 179 180 181 182 183 184 185 186 187 188 189 190 191 192 193 194 195 196 197 198 199 200 201 202 203 204 205 206 207 208 209 210 211 212 213 214 215 216 217 218 219 220 221 222 223 224 225 226 227 228 229 230 231 232 233 234 235 236 237 238 239 240 241 242 243 244 245 246 247 248 249 250 251 252 253 254 255 256 257 258 259 260 261 262 263 264 265 266 267 268 269 270 271 272 273 274 275 276 277 278 279 280 281 282 283 284 285 286 287 288 289 290 291 292 293 294 295 296 297 298 299 300 301 302 303 304 305 306 307 308 309 310 311 312 313 314 315 316 317 318 319 320 321 322 323 324 325 326 327 328 329 330 331 332 333 334 335 336 337 338 339 340 341 342 343 344 345 346 347 348 349 350 351 352 353 354 355 356 357 358 359 360 361 362 363 364 365 366 367 368 369 370 371 372 373 374 375 376 377 378 379 380 381 382 383 384 385 386 387 388 389 390 391 392 393 394 395 396 397 398 399 400 401 402 403 404 405 406 407 408 409 410 411 412 413 414 415 416 417 418 419 420 421 422 423 424 425 426 427 428 429 430 431 432 433 434 435 436 437 438 439 440 441 442 443 444 445 446 447 448 449 450 451 452 453 454 455 456 457 458 459 460 461 462 463 464 465 466 467 468 469 470 471 472 473 474 475 476 477 478 479 480 481 482 483 484 485 486 487 488 489 490 491 492 493 494 495 496 497 498 499 500 501 502 503 504 505 506 507 508 509 510 511 512 513 514 515 516 517 518 519 520 521 522 523 524 525 526 527 528 529 530 531 532 533 534 535 536 537 538 539 540 541 542 543 544 545 546 547 548 549 550 551 552 553 554 555 556 557 558 559 560 561 562 563 564 565 566 567 568 569 570 571 572 573 574 575 576 577 578 579 580 581 582 583 584 585 586 587 588 589 590 591 592 593 594 595 596 597 598 599 600 601 602 603 604 605 606 607 608 609 610 611 612 613 614 615 616 617 618 619 620 621 622 623 624 625 626 627 628 629 630 631 632 633 634 635 636 637 638 639 640 641 642 643 644 645 646 647 648 649 650 651 652 653 654 655 656 657 658 659 660 661 662 663 664 665 666 667 668 669 670 671 672 673 674 675 676 677 678 679 680 681 682 683 684 685 686 687 688 689 690 691 692 693 694 695 696 697 698 699 700 701 702 703 704 705 706 707 708 709 710 711 712 713 714 715 716 717 718 719 720 721 722 723 724 725 726 727 728 729 730 731 732 733 734 735 736 737 738 739 740 741 742 743 744 745 746 747 748 749 750 751 752 753 754 755 756 757 758 759 760 761 762 763 764 765 766 767 768 769 770 771 772 773 774 775 776 777 778 779 780 781 782 783 784 785 786 787 788 789 790 791 792 793 794 795 796 797 798 799 800 801 802 803 804 805 806 807 808 809 810 811 812 813 814 815 816 817 818 819 820 821 822 823 824 825 826 827 828 829 830 831 832 833 834 835 836 837 838 839 840 841 842 843 844 845 846 847 848 849 850 851 852 853 854 855 856 857 858 859 860 861 862 863 864 865 866 867 868 869 870 871 872 873 874 875 876 877 878 879 880 881 882 883 884 885 886 887 888 889 890 891 892 893 894 895 896 897 898 899 900 901 902 903 904 905 906 907 908 909 910 911 912 913 914 915 916 917 918 919 920 921 922 923 924 925 926 927 928 929 930 931 932 933 934 935 936 937 938 939 940 941 942 943 944 945 946 947 948 949 950 951 952 953 954 955 956 957 958 959 960 961 962 963 964 965 966 967 968 969 970 971 972 973 974 975 976 977 978 979 980 981 982 983 984 985 986 987 988 989 990 991 992 993 994 995 996 997 998 999 100 1000 101 102 103 104 105 106 107 108 109 110 111 112 113 114 115 116 117 118 119 120 121 122 123 124 125 126 127 128 129 130 131 132 133 134 135 136 137 138 139 140 141 142 143 144 145 146 147 148 149 150 151 152 153 154 155 156 157 158 159 160 161 162 163 164 165 166 167 168 169 170 171 172 173 174 175 176 177 178 179 180 181 182 183 184 185 186 187 188 189 190 191 192 193 194 195 196 197 198 199 200 201 202 203 204 205 206 207 208 209 210 211 212 213 214 215 216 217 218 219 220 221 222 223 224 225 226 227 228 229 230 231 232 233 234 235 236 237 238 239 240 241 242 243 244 245 246 247 248 249 250 251 252 253 254 255 256 257 258 259 260 261 262 263 264 265 266 267 268 269 270 271 272 273 274 275 276 277 278 279 280 281 282 283 284 285 286 287 288 289 290 291 292 293 294 295 296 297 298 299 300 301 302 303 304 305 306 307 308 309 310 311 312 313 314 315 316 317 318 319 320 321 322 323 324 325 326 327 328 329 330 331 332 333 334 335 336 337 338 339 340 341 342 343 344 345 346 347 348 349 350 351 352 353 354 355 356 357 358 359 360 361 362 363 364 365 366 367 368 369 370 371 372 373 374 375 376 377 378 379 380 381 382 383 384 385 386 387 388 389 390 391 392 393 394 395 396 397 398 399 400 401 402 403 404 405 406 407 408 409 410 411 412 413 414 415 416 417 418 419 420 421 422 423 424 425 426 427 428 429 430 431 432 433 434 435 436 437 438 439 440 441 442 443 444 445 446 447 448 449 450 451 452 453 454 455 456 457 458 459 460 461 462 463 464 465 466 467 468 469 470 471 472 473 474 475 476 477 478 479 480 481 482 483 484 485 486 487 488 489 490 491 492 493 494 495 496 497 498 499 500 501 502 503 504 505 506 507 508 509 510 511 512 513 514 515 516 517 518 519 520 521 522 523 524 525 526 527 528 529 530 531 532 533 534 535 536 537 538 539 540 541 542 543 544 545 546 547 548 549 550 551 552 553 554 555 556 557 558 559 560 561 562 563 564 565 566 567 568 569 570 571 572 573 574 575 576 577 578 579 580 581 582 583 584 585 586 587 588 589 590 591 592 593 594 595 596 597 598 599 600 601 602 603 604 605 606 607 608 609 610 611 612 613 614 615 616 617 618 619 620 621 622 623 624 625 626 627 628 629 630 631 632 633 634 635 636 637 638 639 640 641 642 643 644 645 646 647 648 649 650 651 652 653 654 655 656 657 658 659 660 661 662 663 664 665 666 667 668 669 670 671 672 673 674 675 676 677 678 679 680 681 682 683 684 685 686 687 688 689 690 691 692 693 694 695 696 697 698 699 700 701 702 703 704 705 706 707 708 709 710 711 712 713 714 715 716 717 718 719 720 721 722 723 724 725 726 727 728 729 730 731 732 733 734 735 736 737 738 739 740 741 742 743 744 745 746 747 748 749 750 751 752 753 754 755 756 757 758 759 760 761 762 763 764 765 766 767 768 769 770 771 772 773 774 775 776 777 778 779 780 781 782 783 784 785 786 787 788 789 790 791 792 793 794 795 796 797 798 799 800 801 802 803 804 805 806 807 808 809 810 811 812 813 814 815 816 817 818 819 820 821 822 823 824 825 826 827 828 829 830 831 832 833 834 835 836 837 838 839 840 841 842 843 844 845 846 847 848 849 850 851 852 853 854 855 856 857 858 859 860 861 862 863 864 865 866 867 868 869 870 871 872 873 874 875 876 877 878 879 880 881 882 883 884 885 886 887 888 889 890 891 892 893 894 895 896 897 898 899 900 901 902 903 904 905 906 907 908 909 910 911 912 913 914 915 916 917 918 919 920 921 922 923 924 925 926 927 928 929 930 931 932 933 934 935 936 937 938 939 940 941 942 943 944 945 946 947 948 949 950 951 952 953 954 955 956 957 958 959 960 961 962 963 964 965 966 967 968 969 970 971 972 973 974 975 976 977 978 979 980 981 982 983 984 985 986 987 988 989 990 991 992 993 994 995 996 997 998 999



















9860

9704
















196
196











































9825

0000 00000000 021 022 0000



















9948 9915

6749 7009 9660
8601
8601







200 256























































10000





























10135

9752





























































































9752



























65535 110



1939 10165



10376 10376 10262















7390








































504
504

10359
100
100 11100 11100





9864

















09078007 531985 2846 2198 2215 2172 114 116 171 498 20160829200318834 7406 6973 985 7406 6973 985 2916 339 100 165 2016090302354807441723430719811 693 0027000000 041723430719811 693 0027000000 281 167 152 325 498



92728 506 689 4985 2846 2198 2215 2172 114





10233



















256 630752243213 1523 797 20160831035324863 407 406 4611 683 147640 222 218 317 187 170





















10220



















2016090301545024965 30719111 693 0027000000 2016090301545025065 30719111 693 0027000000 2016090301545025165 30719111 693 0027000000 2016090301545025165 30719111 693 0027000000 2016090301545025265 30719111 693 0027000000 2016090301545025465 30719111 693 0027000000 2016090301545025465 30719111 693 0027000000

2016090301574526865 30719111 693 0027000000 065 30719111 693 0027000000 2916 339 100 310



147 2013 156 2016

























10144

0000



































9867



10377















9867

9702































32432 343 343 14522 14522 128 123 299 194 203 132 497 168 343 343 14522 14522 313 129 382 157 1475 1220 537 476 303 230 299 194 728 762 480 112 8927 343 14522 14522 313 129 407 165 1475 1220 537 476 29943 14522 275 1137 1040 504 476 29951 14522 163 122 143 995 961 26756 946 14522 422 14763 354 349 942 143 995 961 94170
































2117
2117



















































10301 10628























100964 179075

















4039





946













10752













303



























7990 9929









































































8081 127001127001 80810 1270018081 7430 11200





362 382









































10100























10930











0000 8081

















112 144 112 497 239 325 290 288 000 268 363 137 119 234 497 144 500 0027 0027 0027 1011 0999 1354 0027 0027 0027 0027 1011 0999 1354 0027 233 170 150 148 497 151 171 152 104 387 331 103 271 271 267 315 297 267 297 254 1028 372 381 344 221 696 1515 1486 519 138 564 213 1097 448 175 1031 136 446 271 246 358 601 532 745 10634























7655

































112 104 119 500 1064 112 104 119 500 1064 393 384 136 125 403 248 4230 1491 1514 1499 1299 4072 3698 827 803 434 473 595 511 462 4230 1491 1514 1499 1299 4072 3698 1127 337 1018 156 694 337 606 150 139 196 134 104 380 235 497 669 608 1515 1488









































503



















256



11166



























4799

503

999



























10961





















9613
7162


11248































7510 4960





2017



















127001 8081



























11173

277
412
412





















11182

11329















11357 11357

























11298















1111

















412

11346























13936





































































5432





11023

159 191 191 142 162 177 640 426 149 290 223 131 423 107 364 274 238 161 290 242 121 381 424 331 357 348 114 125 439 420 349 286 120 3521 3510 3415 152 109 6726





400 500


























120
























11642



















































10834











11773










































305
305
















































405 403
403 405



























11496











121











580 1850 4100 6900











11881

















11950 150 256






































7211












































































































2010













670























11358









9457





500





3638




















































207
207



























12407







































599

143 2010 156 2016







12440



















5854



12245

















0000 8010












193
193
282
282















400


264
264





12513



















232323





























































339











20170606121941889 20170606121943243 111 131 177 131 131 121 235 141 428 428 371 371 208 1482 126 404 404 416 242 272 782 108 173 173 173 150 428 428 371 371 208 1482 126 404 404 416 212 164 164 164 117 117 117 416 242 272 782 108 173 173 173 150 428 428 371 371 208 1482 126 404 404 416 212 164 164 117 117 416 236 431 472 325 511 266 1142 617 748
































1430
1430









12768

503


































0154
0154














113
113

6155




400
















100









852 121 121 126 121 119 498 151 171 152 104 387 331 103 271 271 267 315 297 267 297 254 1028 372 381 344 221 696 1515 1486 519 138 564 213 1097 448 175 1031 136 446 271 246 358 601 532 748 100 129 848 176 901 867 84755 143 105 176 901 104 189 9862 217 164 189 189 107 13069 21574 193 5775 135 163 146 153 129 18876 232 249 4256 1501 127892 127892 118 1501 1524 1513 1574 104 256 104 277 1568 793 6051 1602 1602 6038 227 1135 1127 2624 5733 1602 1602 5668 227 2140 2402 5797 1602 1602 5668 5226 5375 128 3703 1121 336 1022 150 693 336 610 148 138 196 134 104 388 243 498 673 610 1519 1492













144 63126 290 1321 169 116 1801 481 471 708 234 499 113 1321 169 116 1801 481 471 708 234 499 96128









180131













































7603 313 161 100 103 1249 120 121 106 848 176 901 867





















12226





























































































13044


























113 2331
113 2331

















13198

























11955















100

























205081384 205081400





11553













6010 6010 6010












2333
2333













13317

































13393





12545

219 177 498 298 292 266 748 956 923 2519 219 177 498 298 292 266 748 956 923 2519 498 298 292 266 748

13375


















2719 002














297668 191 297668 191 956 923 417 382 357 498 298 292 266 748 20170904082223122 48406

13454









13363















100 13481















7575768859740793034 001



1604 131
200
200









































13253
































190










































































14113 14113










310

































311

















100
090

13925 13924



100













14085 13927 14086

13930





















13918











200




13756






















14029







100






321
3015 321





























14080





13902
110 400
100 400 410











13700













13774

400 100 101 101 100 14118

















14179 14179 13942








10912
10912
14082
14082
14171
14171

100 400410

100 400410

100 400410






320
313









14168














13927
13927
14048
14048
14124
14124
14288
14288




13774










14284























500 403

2457605120































































13000





14495





























110 001

110 100 100 112018102307 112018102307 0000 0000 0000 0000 0000 0000 100 0000 0000 0000 0000 0000 110 100 100 9094 20180211 2223150500 314 352138 100 658 307 76940 20171018 0358130400 180161 161 10133 8664



















14414 14414





































1521



1791

12886
9224 20180105













213























2126
8175 2112

9224 20180105 14763

414 690 837 1226 5421 41447 39301172






