



400
400



20100115163622 13282312414














7251 172
7251 172



1801

100

20101025101645 2978170325 20101025101645 2978170325 20101025101645 2978170325 20101025101645 2978170325 20101025101645 2978170325 20101025101645 2978170325 20101025101645 2978170325 20101025101645 2978170325 1020101025101645 2978170325 252 151 125 159 351 706 603 359 150 195 504 150 195 504 150 195 150 195 150 195 150 195 150 130 195 150 195 124 112 341 705 150 195 504 150 195 504 150 195 124 673 331 881 502 1157 105 135 180 105 135 180 382 180 1148 387 216 181 765 417 230 152 326 534 879 747 218 404 409 52020101025101645 2978170325 193 125 159 351 706 603 359 150 195 504 150 195 504 150 195 150 195 150 195 150 195 150 130 195 150 195 124 112 341 705 150 195 504 150 195 504 150 195 124 673 331 881 502 1157 105 135 180 105 135 180 382 180 1148 387 216 181 765 417 230 152 326 534 879 747 218 404 409 520 252 15175


500


2852 14138 14138



1150

404 24161 26882 2688





12082010 1700 1510 8140947 2010

20101210095829 3526 20101210095829 3531 20101210095829 3533 20101210095829 3535 20101210095829 3538 20101210095829 3540 20101210095829 3543 20101210095829 3534 20101210095829 3541 20101210095829 3530 20101210095829 3542 20101210095829 3550 20101210095829 3553 20101210095829 3527 20101210095829 3545 20101210095829 3544 20101210095829 3555 20101210095829 3558 20101210095829 3554 20101210095829 3529
403
403



3069 3069 3065





403



111





400

201 400

404




403
403 403







998


1902

304
304







401 500









3151 220



40140350 403

520

2918





8632 8664 8632 8632



0020 192








503
503

20110926081728 13051247283756 441 441 1982401287520110926081728 13051247283756 20110926081733 13051247283733 441 441 1982401287520110926081733 13051247283733









20111026113116 20111026113116 20111026113116 1923 20111026113116 20111026113116 1923 20111026113116 20111026113116 20111026113116 20111026113116 20111026113116 20111026113116 20111026113116 20111026113116 20111026113116 20111026113116
403
20111026112115 131272494150 20111026112115




3301 3301





406
406 11200 2011180208 116 5348 2011173932 5378 17685 4694 12580723 222 344029642 581 2011180208 11406 2011180305 116 5348 88591 1782 898 864 6585531 2011180305
3626 3626


1109
977 977




4468







4616
4987






2009



404 504


4529










































3681

192
8081 8082
120120119154522 120120119154522 274 169 274

742 20110526 742



20120124170409 20120124170409 20120124170409 1128 20120124170409 20120124170409 20120124170410 101 20120124170410 158 158 158 20120124170410 158 158 158 20120124170410 20120124170410 20120124170410 20120124170410 101

20120124170330 2315 2315 2315 20120124170330 2315 2315 2315 20120124170336 158 158 158 20120124170336 158 158 158 20120124170338 4110 4110 4110 20120124170338 4110 4110 4110 20120124170351 158 158 158 20120124170351 158 158 158 20120124170353 165 165 165 20120124170353 165 165 165





120120127164053 16029 120 16029 383 359 269 136 221 202 164 886 16029 908 16029 662 16029



1924



3145





1924 404

4845









8888



1924

2803 0768 597 168 134 110 128 113 124 243 238 123 104 597 164 110















200

1924





3574 4064 202



465

2822



404



100 20120615 20120619 100 100 100201206190824287 100 2011110 2011110 736168585 944 004 37138 100201206150723463

























212 23004 220 23004













25101





123 11200 2013143223 626 4490 22221 19191 2013143223 2013143223 116 5348 10983 11200 2013143224 4200194583 0948 2013143224 2013143224 116 5348 10983 4257 4257


404
404 26102 404

154









500

















5789







4628







003 89201 591531 027 641 219377684 20169 08828 0881 310 6214 077 6254 1598 2150 323606 53090 776 2523 027 908921 186 164 119 265 2531 5068879 2189 204 0469 105 086656705 8418 381004 74710 034704824 0431515 9755030 618 6478714 639751 248 472 332 63634 1332 358 60975 312 3013 254 03951 4025674 6165 4286 084 6799 096 01164 198297 62983 24247 537 49757 5692 8371 278056 5431 55370 269 574 0935 73201 815428 0987 92176 40559 270 7278 115 601 9898 647357 1423 712 3950 2215570 282 364 082 9428 29753252 205799 8984930 5229877 873 0678 1252702 415 680 23529 075 267 0756086 85407 4494 799034 466 91610135649 8059312 935860 272 759 097 385 486 507 440 175 635 87708732 325 184 251 571 687 2238958 808 8463270 30206 16545196 810 4890 1199 7580 979 53880 916 919 9303 529965 482505 739 7794 31669 6757593 6840 235 5288252 53835 4039518 5461 04928 1250958 01442 266 287 99509 9769 612 420 5107 9517 218 7382 629 1037985 0054 5638 0265624091 369 513 00399

1250958 01442 266 287 99509 5288252 53835 4039518 5461 04928 815428 0987 92176 40559 91610135649 8059312 935860 272 759 097 4494 799034 466 62983 24247 537 49757 5692 8371 278056 5431 55370 808 8463270 30206 16545196 810 4890 0431515 9755030 618 6478714 639751 629 1037985 0054 5638 0265624091 369 513 00399 186 164 119 265 2531 5068879 03951 4025674 6165 4286 084 6799 189 204 0469 105 086656705 385 486 507 440 175 635 7278 115 601 9898 647357 1423 712 574 0935 73201 680 23529 075 267 0756086 85407 9303 529965 482505 739 7794 31669 096 01164 198297



1593 1593 5515





120131003035522 4010 4010 5675



111 113114 114 5969 113









5806











270

20131028075258

147 8270 134 4640




426


422



404

500 4615 17045 3694 17045 4556 17045 4500 17045 4500 17045 4500 17045 4466 17045 4615 17045 4177 17045 4132 17045 4556 17045 4502 17045 4500 17045 3715 17045 3408 17045 1199 17045 618 17045 2517 17045 2469 17045 2423 17045 2797 17045 270 270 270 270 1155 270 270 590 270 270 138 157 157 157 157 157 157 157 157 157 157 157 157 157 157 157 157 157 157 157 157 157 157 157 157 157 157 157 157 157



120131031093319 111134448085





27001

500 123


501 405
501 405 501 405





3963

5418

264 270 407 206 201





0944 8497 872

20140203111708 20140203 1117080000 00000391 177 157 27101 27101 419 27101 27101 27101 27101 122 122 122 122 334 17010 166 17010 201 178 17010 292 17010 1110 17010 603 17010 722 17010 377 160 147 168



6172





128 2147483647

2014 6271
123
123 122





400

201604301643562650500 3007013772 411147 201604301643562650500 3007013772 201604301643564370500 3007013772 2473 201604301643565460500 3007013772 403 297 28001 256 28001 219 28001 350 28001 250 28001 28001 688 28001 537 28001 357 28001 150 28001 195 28001 504 28001 150 28001 195 28001 150 28001 28001 195 28001 150 28001 195 28001 150 28001 195 28001 150 28001 130 28001 195 28001 150 28001 195 28001 124 28001 112 28001 341 28001 150 28001 195 28001 504 28001 150 28001 195 28001 504 28001 124 28001 676 28001 331 28001 28001 28001 881 28001 28001 300 201112011016 288 3110 3110 278 3110 3110 182 3110 3110 3110 3110 3110 3110 112 122 122 3110 3110 120 3110 3110 28001 28001 3110 3110 120 3110 3110 28001 28001 3110 3110 120 3110 3110 28001 28001 3110 3110 3110 3110 122 122 108 122 122 137 122 122 125 122 122 122 122 108 122 122 137 122 122 125 122 122 122 122 449 122 122 28001 28001 365 122 122 122 122 122 122 383 122 122 362 122 122 125 122 122 3110 3110 120 3110 3110 28001 28001 3110 3110 135 28001 3110 3110 120 3110 3110 28001 28001 3110 3110 220 3110 3110 28001 28001 3110 3110 28001 28001 3110 3110 28001 28001 3110 3110 120 3110 3110 28001 28001 28001 28001 132 3110 3110 129 3110 3110 206 3110 3110 129 3110 3110 1419 8111 20130520 8111 20130520 455 8111 20130520 8111 20130520 137 8111 20130520 8111 20130520 557 8111 20130520 8111 20130520 231 8111 20130520 8111 20130520 1075 8111 20130520 8111 20130520 384 8111 20130520 8111 20130520 193 8111 20130520 8111 20130520 1009 8111 20130520 8111 20130520 135 8111 20130520 8111 20130520 116 8111 20130520 8111 20130520 200 220 154 8111 20130520 8111 20130520 116 8111 20130520 8111 20130520 370 8111 20130520 8111 20130520 489 8111 20130520 8111 20130520 960 8111 20130520 8111 20130520 1021 8111 20130520 8111 20130520 8111 20130520 8111 20130520 668 8111 20130520 8111 20130520 8111 20130520 8111 20130520 608 8111 20130520 8111 20130520 543 8111 20130520 8111 20130520 17025

20140401143602 6080101914349 441 441





6511





272 280 1201404290915158180500 12876684984 703 703

201405011307197450500 101 101 323 145 124 113 28005 28005 17055 606 17055 329 281 879 28005 28005 482 28005 28005 231 28005 28005 1364 28005 28005 1103 28005 28005 986 28005 28005 408 28005 28005 391 28005 28005 395 28005 28005 757 28005 28005 190 28005 205 28005 000 28005 254 28005 270 28005 17055 606 17055 1601 322 1601 001 1601 117 1601 28005 28005 120 122 122 108 122 122 1145 17055 615 17055 745 17055 178 301 28005 28005 1174 28005 28005 587 28005 28005 166

6234



20140506132341 3051 20140506132341 3824 20140506132342 3946 20140506132341 272 20140506132341 272 20140506132342 272












434







403 404
403 403 403 403 404

200

6591 370 6591













20140630121227 1936214235377168 1002 1002 124 28101 28101 28101 28101 28101 28101 603 28101 588 28101 28101 28101 233 28101 28101







5829





3000 30020140806235753371









6189 401

6801





5000 5000 5000







2010 099 2010 099 099 404

29210 256 768







163



432







300 300





200



935774 36757 677 48008

















20140924171229 680480074130







500







5526 28005


500
404 200 7616 1414012676202 9223372036854775807 1414012362178478000 1414012676203 1414012676202 500 1201410221808443700300 99169986892 1201410221808443900300 1201410221808448970300 1201410221808449220300 20141022 1808440300 00000023 1201410221808449300300 1201410221809298720300 99169986889 6621 210002 1201410221812416610300 99169986888 1201410221812416670300 1201410221812421710300 1201410221812421800300 20141022 1812420300 00000009 1201410221812422460300 1201410221812543050300 99169986888 1201410221812544120300 99169986892 6621 210002 1201410221812544310300 99169986889 6621 210002 1201410221817557760300 99169986891 1201410221817557770300 99169986891 1201410221817557780300 99169986891 1201410221817557790300 99169986891 1270018888 1201410221817557800300 99169986891 127001518431270018888 1201410221817557800300 99169986891 1201410221817557800300 99169986891 1201410221817557800300 99169986891 1201410221817557810300 99169986891 1201410221817557810300 99169986891 1201410221817557810300 99169986891 1201410221817557810300 99169986891 1201410221817557810300 99169986891 210002 1010 866417071 210002 1201410221817557810300 99169986891 1201410221817559090300 99169986891 11200 1201410221817559090300 99169986891 150 1201410221817559090300 99169986891 1201410221817559090300 99169986891 1201410221817559090300 99169986891 1201410221817559090300 99169986891 105338 1201410221817559090300 99169986891 1201410221817559090300 99169986891 2014211755 1201410221817559090300 99169986891 1201410221817559090300 99169986891 1201410221817559090300 99169986891 1025 1201410221817559090300 99169986891 1201410221817559090300 99169986891 1201410221817559090300 99169986891 1414012675831864 1201410221817559100300 99169986891 1201410221817559100300 99169986891 1201410221817559100300 99169986891 30000 1201410221817561300300 99169986891 1201410221817561300300 99169986891 1201410221817561300300 99169986891 1201410221817561300300 99169986891 1201410221817561300300 99169986891 1201410221817561310300 99169986891 1201410221817561310300 99169986891 1201410221817561310300 99169986891 1201410221817561310300 99169986891 1201410221817561310300 99169986891 1201410221817561310300 99169986891 210002 1010 866417071 210002 1201410221817561310300 99169986891 1201410221817561610300 99169986891 11304 1201410221817561610300 99169986891 2014211756 1201410221817561610300 99169986891 1201410221817561610300 99169986891 2014211755 1201410221817561610300 99169986891 1201410221817561610300 99169986891 1201410221817561620300 99169986891 1201410221817561620300 99169986891 1025 1201410221817561620300 99169986891 1201410221817561620300 99169986891 1201410221817561620300 99169986891 1414012676085727 1201410221817561620300 99169986891 1201410221817561620300 99169986891 1201410221817561620300 99169986891 30000 1201410221818277690300 22181826 2014 1201410221818277690300 1201410221823335810300 99169986889 1201410221823335810300 99169986889 1201410221823335810300 99169986889 1201410221823335820300 99169986889 1270018888 1201410221823335820300 99169986889 127001518841270018888 1201410221823335820300 99169986889 1201410221823335820300 99169986889 1201410221823335830300 99169986889 1201410221823335830300 99169986889 1201410221823335830300 99169986889 1201410221823335830300 99169986889 1201410221823335830300 99169986889 1201410221823335830300 99169986889 210002 1010 866417071 1201410221823335830300 99169986889 1201410221823337250300 99169986889 11200 1201410221823337250300 99169986889 146 1201410221823337250300 99169986889 1201410221823337250300 99169986889 2014164133 1201410221823337250300 99169986889 54283 1201410221823337250300 99169986889 2014001137 1201410221823337250300 99169986889 1201410221823337250300 99169986889 1201410221823337250300 99169986889 21600 1201410221823337250300 99169986889 117317 1201410221823337260300 99169986889 1201410221823337260300 99169986889 2014212333 1201410221823337260300 99169986889 1201410221823337260300 99169986889 11665 1201410221823337260300 99169986889 6227 1201410221823337260300 99169986889 1201410221823337260300 99169986889 1201410221823337260300 99169986889 1414013013621243 1201410221823337260300 99169986889 1201410221823337260300 99169986889 30000 1201410221823339120300 99169986889 1201410221823339130300 99169986889 6621 210002 6621 210002 1201410221823339140300 1201410221823339210300 99169986889 6621 210002 6621 210002 127001 7370 1201410221824080020300 22182403 2014 1201410221824080030300 1201410221824139180300 1201410221824139190300 1201410221824139190300 1201410221824139200300 1201410221824139210300 1270018888 1201410221824139210300 127001518961270018888 1201410221824139210300 1201410221824139210300 1201410221824139210300 1201410221824139220300 1201410221824139220300 1201410221824139220300 1201410221824139220300 1201410221824139220300 1201410221824139220300 1201410221824139220300 1201410221824139220300 210002 1010 866417071 210002 1201410221824143630300 11200 1201410221824143630300 150 1201410221824143630300 1201410221824143630300 1201410221824143630300 259 1201410221824143630300 1201410221824143630300 2014212414 1201410221824143630300 1201410221824143630300 1201410221824143630300 1024 1201410221824143640300 1201410221824143640300 1201410221824143640300 1414013053934079 349 1201410221824143640300 1201410221824143640300 30000 1201410221824143650300 1201410221824480360300 22182444 2014 1201410221824480370300

404 6271

6892
500
20141022175157 9338592411983 17218512 149 01032 241 211 155 100 147 203 189 108 108 136 1230 210002 210002 237 210002 210002 758 210002 210002 590 210002 210002 155 210002 210002 387 210002 353 210002 300 201112011016 288 3110 3110 278 3110 3110 182 3110 3110 3110 3110 3110 3110 112 122 122 3110 3110 120 3110 3110 210002 210002 3110 3110 120 3110 3110 210002 210002 3110 3110 120 3110 3110 210002 210002 3110 3110 122 122 108 122 122 137 122 122 125 122 122 122 122 108 122 122 137 122 122 125 122 122 122 122 108 122 122 137 122 122 125 122 122 122 122 449 122 122 210002 210002 365 122 122 122 122 122 122 383 122 122 362 122 122 125 122 122 3110 3110 120 3110 3110 210002 210002 3110 3110 120 3110 3110 210002 210002 3110 3110 135 210002 3110 3110 120 3110 3110 210002 210002 3110 3110 220 3110 3110 210002 210002 3110 3110 210002 210002 3110 3110 210002 210002 3110 3110 120 3110 3110 210002 210002 210002 210002 132 3110 3110 129 3110 3110 206 3110 3110 129 3110 3110 1419 8111 20130520 8111 20130520 455 8111 20130520 8111 20130520 137 8111 20130520 8111 20130520 557 8111 20130520 8111 20130520 231 8111 20130520 8111 20130520 1075 8111 20130520 8111 20130520 384 8111 20130520 8111 20130520 193 8111 20130520 8111 20130520 1009 8111 20130520 8111 20130520 135 8111 20130520 8111 20130520 116 8111 20130520 8111 20130520 200 220 154 8111 20130520 8111 20130520 116 8111 20130520 8111 20130520 370 8111 20130520 8111 20130520 489 8111 20130520 8111 20130520 949 8111 20130520 8111 20130520 1011 8111 20130520 8111 20130520 8111 20130520 8111 20130520 668 8111 20130520 8111 20130520 8111 20130520 8111 20130520 608 8111 20130520 8111 20130520 543 8111 20130520 8111 20130520 745 1707220141022175157 9338592411982 17218512 149 01032 241 211 155 100 147 203 189 108 108 136 1230 210002 210002 237 210002 210002 758 210002 210002 590 210002 210002 155 210002 210002 387 210002 353 210002 300 201112011016 288 3110 3110 278 3110 3110 182 3110 3110 3110 3110 3110 3110 112 122 122 3110 3110 120 3110 3110 210002 210002 3110 3110 120 3110 3110 210002 210002 3110 3110 120 3110 3110 210002 210002 3110 3110 122 122 108 122 122 137 122 122 125 122 122 122 122 108 122 122 137 122 122 125 122 122 122 122 108 122 122 137 122 122 125 122 122 122 122 449 122 122 210002 210002 365 122 122 122 122 122 122 383 122 122 362 122 122 125 122 122 3110 3110 120 3110 3110 210002 210002 3110 3110 120 3110 3110 210002 210002 3110 3110 135 210002 3110 3110 120 3110 3110 210002 210002 3110 3110 220 3110 3110 210002 210002 3110 3110 210002 210002 3110 3110 210002 210002 3110 3110 120 3110 3110 210002 210002 210002 210002 132 3110 3110 129 3110 3110 206 3110 3110 129 3110 3110 1419 8111 20130520 8111 20130520 455 8111 20130520 8111 20130520 137 8111 20130520 8111 20130520 557 8111 20130520 8111 20130520 231 8111 20130520 8111 20130520 1075 8111 20130520 8111 20130520 384 8111 20130520 8111 20130520 193 8111 20130520 8111 20130520 1009 8111 20130520 8111 20130520 135 8111 20130520 8111 20130520 116 8111 20130520 8111 20130520 200 220 154 8111 20130520 8111 20130520 116 8111 20130520 8111 20130520 370 8111 20130520 8111 20130520 489 8111 20130520 8111 20130520 949 8111 20130520 8111 20130520 1011 8111 20130520 8111 20130520 8111 20130520 8111 20130520 668 8111 20130520 8111 20130520 8111 20130520 8111 20130520 608 8111 20130520 8111 20130520 543 8111 20130520 8111 20130520 745 17072





7607 1201410281421449220100 118717905785 267 2110 2110 292 2110 2110 1238 2110 2110 910 2110 2110 180 2110 1413 2110 2110 193 2110 1147 2110 2110 1030 2110 2110 758 2110 2110 219 2110 2110 2110 114 2110 2110 2110 2110 2110 2110 2110 2110 2110 2110 2110 2110 241 2110 451 2110 2110 193 2110 2110 114 2110 2110 2110 2110 2110 2110 2110 2110 2110 2110 2110 2110 128 2110 590 2110 2110 155 2110 2110 387 2110 353 2110 300 201112011016 288 3110 3110 278 3110 3110 182 3110 3110 3110 3110 3110 3110 112 123 123 3110 3110 120 3110 3110 2110 2110 3110 3110 120 3110 3110 2110 2110 3110 3110 120 3110 3110 2110 2110 3110 3110 123 123 108 123 123 137 123 123 125 123 123 123 123 108 123 123 137 123 123 125 123 123 123 123 108 123 123 137 123 123 125 123 123 123 123 449 123 123 2110 2110 365 123 123 123 123 123 123 383 123 123 362 123 123 125 123 123 3110 3110 120 3110 3110 2110 2110 3110 3110 135 2110 3110 3110 120 3110 3110 2110 2110 3110 3110 220 3110 3110 2110 2110 3110 3110 2110 2110 3110 3110 2110 2110 3110 3110 120 3110 3110 2110 2110 2110 2110 132 3110 3110 129 3110 3110 206 3110 3110 129 3110 3110 1419 8111 20130520 8111 20130520 455 8111 20130520 8111 20130520 137 8111 20130520 8111 20130520 557 8111 20130520 8111 20130520 231 8111 20130520 8111 20130520 1075 8111 20130520 8111 20130520 384 8111 20130520 8111 20130520 193 8111 20130520 8111 20130520 1009 8111 20130520 8111 20130520 135 8111 20130520 8111 20130520 116 8111 20130520 8111 20130520 200 220 154 8111 20130520 8111 20130520 116 8111 20130520 8111 20130520 370 8111 20130520 8111 20130520 489 8111 20130520 8111 20130520 949 8111 20130520 8111 20130520 1011 8111 20130520 8111 20130520 8111 20130520 8111 20130520 668 8111 20130520 8111 20130520 8111 20130520 8111 20130520 608 8111 20130520 8111 20130520 543 8111 20130520 8111 20130520 745 17071 1201410281423088340100 118717905783 127001 219 19320140925 392

149589872 8674

7603

280



7594

20141111 20116 20141111 20253

230277 230277 230277 230277 230277 230277 230277 230277



100 626 597384096 100 20141112093343 327533081125 100





1440 400 400

















211001















201412011053474120600 115376610675721 1001201412011053479160600 1001201412011053481660600 201412011053486140600 201412011053489970600 201412011053494380600 1001 1001 140 211001 123 211001 211001 211001 211001 211001 292 211001 211001 244 211001 211001 200 211001 211001 209 211001 211001 209 211001 211001 209 211001 211001 209 211001 211001 209 211001 211001 211001 211001 211001 211001 271 211001 238 211001 131 211001 102 211001 211001 211001 294 211001 425 211001 415 211001 211001 133 211001 211001 211001 211001 151 211001 211001 418 211001 211001 211001 211001 123 123 123 123 334 17021 166 17021 201 178 17021 292 17021 1145 17021 615 17021 722 17021201412011053494390600 1001 152 211001 211001 118 211001 211001 211001 211001 271 211001 238 211001 131 211001 102 211001 211001 211001 294 211001 425 211001 415 211001 211001 133 211001 211001 211001 211001 151 211001 211001 418 211001 211001 211001 211001 123 123 123 123 334 17021 166 17021 201 178 17021 292 17021 1145 17021 615 17021 722 17021 140 211001 123 211001 211001 211001 211001 211001 292 211001 211001 244 211001 211001 200 211001 211001 209 211001 211001 209 211001 211001 209 211001 211001 209 211001 211001 209 211001 211001 211001 21100128





001 002 001 002

00008081





206 100 999



7811

7755 7755















2111 401 12700130 20141240370400 522 11401012700130 20141240450400 522 11404388 404 404 200 7785




062201302030002 441
441 062063









7800

11200 2015161633 211101 781 95545 799 2015161633 2015161633 116 5348 10320

7705

7705

7768 201501081215513530500



7705

237 239 237
416 200 206
0000 1134 820150112040003 17224363 17224363 17224363443 000000000176 000000000176 350 509 572 572 22299663 1134 11206 2015040003 1642389 24532277 779055 338092 2014080834 222996632229966322299663 2015040003 31536000 11206 2015040003 1642389 24532277 779055 338092 2014080834 222996632229966322299663 2015040003 31536000 2229966421 572 9922299663 416 200 206















2111 010 400 400

7660 7709



7760



20150120103544

7854





263



7901

201501211023404670500 414557038235 115 108 120 132 17071 17071 17071 606 17071 142 300 133 300 208 300 300 300 502 300 150 300 133 300 300 617 300 580 300 128 300 300 201112011016 300 201112011016 298 324 282 324 187 324 324 324 112 123 324 123 108 123 137 123 125 123 123 108 123 137 123 125 123 123 449 123 300 365 123 123 123 383 123 362 123 125 123 324 136 300 324 302 324 300 324 300 324 300 324 324 133 324 130 324 203 324 130 324 300 1419 8111 20130520 455 8111 20130520 137 8111 20130520 557 8111 20130520 231 8111 20130520 1075 8111 20130520 384 8111 20130520 193 8111 20130520 1009 8111 20130520 135 8111 20130520 116 8111 20130520 192 8302 154 8111 20130520 116 8111 20130520 370 8111 20130520 489 8111 20130520 960 8111 20130520 1021 8111 20130520 8111 20130520 8111 20130520 8111 20130520 668 8111 20130520 8111 20130520 608 8111 20130520 543 8111 20130520 745 17071 1149 1129 111 100





1222015

7895
404
404 404



436 433






401
401 401 401 401

2112 500

7959

79591 7959







302 404



20150203161120 190006554963898 17007 102 17007 107 17007 111 17007 118 17007

20150223085727 85014876212088 211101

100

2100 2111







404

7758 7758

211203 103 1201502251512407140000 199755026252 1201502251518432610000 199755026255 18025

7758 201502251601399470500 245357559132 56513 41379 639 300 1569 56513 41379 639 300 1569 300 273 300 255 300 494 300 150 300 133 300 300 617 300 580 300 124 300 310 310 297 325 281 325 186 325 325 325 112 123 325 123 108 123 137 123 125 123 123 449 123 300 365 123 123 123 383 123 362 123 125 123 325 136 300 325 302 325 300 325 300 325 300 325 100 325 133 325 130 325 203 325 130 325 300 1652 927 20150116 585 927 20150116 143 927 20150116 577 927 20150116 223 927 20150116 1127 927 20150116 515 927 20150116 185 927 20150116 1061 927 20150116 141 927 20150116 927 20150116 175 9302 110 927 20150116 927 20150116 497 927 20150116 310 927 20150116 245 927 20150116 540 927 20150116 635 927 20150116 555 927 20150116 745 17071 232 300 222 300 300 178 300 791 300 855 300 365 300 315 300 269 300 17071 504 17071 527 17071 255 300 197 300 230 300

7758 201502261600099610500 904481188171 17071 17071 17071 606 17071 237 324 237 2662 237 3702 237 1741 237 122 237 190 237 362 17071 17071 17071 606 17071 207 237 237 145 237 128 17071 17071 17071 606 17071 142 300 133 300 204 300 300 300 502 300 150 300 133 300 300 617 300 580 300 124 300 310 310 297 325 281 325 186 325 325 325 112 123 325 123 108 123 137 123 125 123 123 449 123 300 365 123 123 123 383 123 362 123 125 123 325 136 300 325 302 325 300 325 300 325 300 325 100 325 133 325 130 325 203 325 130 325 300 1652 927 20150116 585 927 20150116 143 927 20150116 577 927 20150116 223 927 20150116 1127 927 20150116 515 927 20150116 185 927 20150116 1061 927 20150116 141 927 20150116 927 20150116 175 9302 110 927 20150116 927 20150116 497 927 20150116 310 927 20150116 245 927 20150116 540 927 20150116 635 927 20150116 555 927 20150116 745 17071

500 300 14249627387011 300 14249627387011 300 14249627387011 300 14249627387011 300 14249627387011

181 629 279 629 279 2025967620804 804 186 834 867 1197 945 109 267 183 151 418 262 201 178 292 1145 615 745 157 186 834 964 1282 500 757 592 142 102 151 418 262 201 178 292 1145 615 745
929


7758

8221 8178
202 204






















220 942 047 273 3303 942 047 273 3303



2008



404





8016 123

8414















300





8056 1024 8057 8057 100











510



8442 161345 100 100

8447 8430

8377

8486

200 30020150423044744931







20000 3600 2000 1500



8490







8479

8479 8479 8479 8479

2100 2113

8520





100 8517 8517



1440 1440 1440





8419 8419 201505061225518500400 174528396451 173 1800 275 300 300 300 300 233 300 300 300 300 233 300 300 425 331 300 233 300 300 300 300 300 300 300 112 300 300 300 177 300 164 300 121 310 287 400 277 400 182 400 400 400 112 123 400 123 108 123 137 123 125 123 123 108 123 137 123 125 123 123 108 123 137 123 125 123 123 449 123 300 365 123 123 123 383 123 362 123 103 300 125 123 400 134 300 400 302 400 300 400 300 400 104 400 133 400 130 400 203 400 130 400 300 1652 929 20150224 585 929 20150224 143 929 20150224 577 929 20150224 223 929 20150224 1127 929 20150224 515 929 20150224 185 929 20150224 1061 929 20150224 141 929 20150224 929 20150224 175 9302 110 929 20150224 929 20150224 497 929 20150224 310 929 20150224 257 929 20150224 540 929 20150224 635 929 20150224 555 929 20150224 745 17075

1197 1197

404 200 404 404



404 200 404

9293

8568





8583



200

201505081406264870400 858464260248 227 333 141 18040 18040 18040 497 18040 142 300 133 300 204 300 300 300 502 300 150 300 133 300 300 617 300 580 300 124 300 310 310 287 400 277 400 182 400 400 400 112 123 400 123 108 123 137 123 125 123 123 449 123 300 365 123 123 123 383 123 362 123 103 300 125 123 400 134 300 400 302 400 300 400 300 400 104 400 133 400 130 400 203 400 130 400 300 1652 929 20150224 585 929 20150224 143 929 20150224 577 929 20150224 223 929 20150224 1127 929 20150224 515 929 20150224 185 929 20150224 1061 929 20150224 141 929 20150224 929 20150224 175 9302 110 929 20150224 929 20150224 497 929 20150224 310 929 20150224 257 929 20150224 540 929 20150224 635 929 20150224 555 929 20150224 745 18040

7896 00030110012 201505081330258620400 858464260222 210 1800 300 300 18040 18040 18040 422 18040 102 182 194 351 18040 18040 18040 497 18040 207 133 141 132 18040 18040 18040 497 18040 142 300 133 300 204 300 300 300 502 300 150 300 133 300 300 617 300 580 300 124 300 310 310 287 400 277 400 182 400 400 400 112 123 400 123 108 123 137 123 125 123 123 449 123 300 365 123 123 123 383 123 362 123 103 300 125 123 400 134 300 400 302 400 300 400 300 400 104 400 133 400 130 400 203 400 130 400 300 1652 929 20150224 585 929 20150224 143 929 20150224 577 929 20150224 223 929 20150224 1127 929 20150224 515 929 20150224 185 929 20150224 1061 929 20150224 141 929 20150224 929 20150224 175 9302 110 929 20150224 929 20150224 497 929 20150224 310 929 20150224 257 929 20150224 540 929 20150224 635 929 20150224 555 929 20150224 745 18040

8557









8420 201505111743211200400 132123186347 693

8503 201505131438423770400 789933455214

8488









8625

7711 7711
500
500 400









8606 8606 8606109941



300 14320641468701 1432066923264433

601 20000



500 8665

8637 500 404 400



0130 0130 404 8667

300201505250806261043

300201505250806261043




400
404 400







201505271517264370400 756632732159 237 237 124 237 120 18040 18040 18040 497 18040 142 300 133 300 201 300 300 300 502 300 150 300 133 300 300 617 300 580 300 121 300 310 310 287 400 277 400 182 400 400 400 112 123 400 123 108 123 137 123 125 123 123 449 123 300 365 123 123 123 383 123 362 123 101 300 125 123 400 130 300 400 302 400 300 400 300 400 104 400 133 400 130 400 203 400 130 400 300 1652 929 20150224 585 929 20150224 143 929 20150224 577 929 20150224 223 929 20150224 1127 929 20150224 515 929 20150224 185 929 20150224 1061 929 20150224 141 929 20150224 929 20150224 175 9302 110 929 20150224 929 20150224 497 929 20150224 310 929 20150224 257 929 20150224 540 929 20150224 635 929 20150224 555 929 20150224 745 18040









2113011 1001 200 449 304 833 400

161 2113 125
500
8721 123 500 201506031744455160400 2060633588111

1404 300 2015020701 202014

500 8714 8888 8714 123 8611 500 201506021745036980400 75663273253 115 163 116 119 116 310 287 400 277 400 182 400 400 400 112 123 400 123 108 123 137 123 125 123 123 108 123 137 123 125 123 123 108 123 137 123 125 123 123 449 123 300 365 123 123 123 383 123 362 123 101 300 125 123 400 130 300 400 302 400 300 400 300 400 104 400 133 400 130 400 203 400 130 400 300 1652 929 20150224 585 929 20150224 143 929 20150224 577 929 20150224 223 929 20150224 1127 929 20150224 515 929 20150224 185 929 20150224 1061 929 20150224 141 929 20150224 929 20150224 175 9302 110 929 20150224 929 20150224 497 929 20150224 310 929 20150224 257 929 20150224 540 929 20150224 635 929 20150224 555 929 20150224 745 18040















300 303



1572

400 400

8888 1201506121705070710300 33305220288 8888







202 200

















960 1871245 3234 400





280 2113 1478 812882942195540 195540 152 122 442 480 927 1312 63017956 1339 1323

302 301



8846 8846 201506181655027960400 2087290632190 238 184 565 1142 18040 617 18040 745 18040

8454



8857 8857

8888 8255 8255 8255





304 304 304 200

12700129 20151232150300 2114 1435591934977 11404657



20150101 20150102 20150103 20150101 20150102 20150103







8255

8930 304 404
304
2113

173 273 249 285 285 285

201507031057501010400 845392291218 251 1932 489 302 1932 947 590 145 2548 2517 105 133 121 18040 18040 18040 497 18040 142 300 133 300 201 300 300 300 502 300 150 300 133 300 300 617 300 580 300 121 300 310 310 287 400 277 400 182 400 400 400 112 123 400 112 123 400 123 108 123 137 123 125 123 123 449 123 300 365 123 123 123 383 123 362 123 101 300 125 123 400 130 300 400 302 400 300 400 300 400 104 400 133 400 130 400 203 400 130 400 300 1652 929 20150224 585 929 20150224 143 929 20150224 577 929 20150224 223 929 20150224 1127 929 20150224 515 929 20150224 185 929 20150224 1061 929 20150224 141 929 20150224 929 20150224 175 9302 110 929 20150224 929 20150224 497 929 20150224 310 929 20150224 257 929 20150224 540 929 20150224 635 929 20150224 555 929 20150224 745 18040







2113 2114

8839

404

8248 2113 2113 153 118 208 147 163 418 334 166 201 178 292 1145 615 724 1251 1034 760 8415 1050 281 106818





8255

8848 2838 1437059614451203 2838 1437059614451348 2838 1437059614451323 2838 1437059614451176 2838 1437059614451101 2653 300 1437059613505 10813 2653 300 1437059613505 43613 2653 300 1437059613505 43707 2653 300 1437059613505 12200 2877 1437059614587117 2653 300 1437059613505 10813 2653 300 1437059613505 12236 2653 300 1437059613505 12214 2653 300 1437059613505 43704 2653 300 1437059613505 12200 2653 300 1437059613505 30626 2653 300 1437059613505 30752 2653 300 1437059613505 37990 2653 300 1437059613505 37937 2653 300 1437059613505 38450 2653 300 1437059613505 86323 2653 300 1437059613505 86161 2653 300 1437059613505 86604 2653 300 1437059613505 31606 2653 300 1437059613505 31614 2653 300 1437059613505 34197 2653 300 1437059613505 40221 2731 1437059614272117 2653 300 1437059613505 10813 2653 300 1437059613505 43613 2653 300 1437059613505 43707 2653 300 1437059613505 12200 2735 1437059614276242 2735 1437059614276225 2653 300 1437059613505 10813 2653 300 1437059613505 43613 2653 300 1437059613505 43707 2653 300 1437059613505 12521 2653 300 1437059613505 10813 2653 300 1437059613505 12236 2653 300 1437059613505 12214 2653 300 1437059613505 12200 2653 300 1437059613505 136739 2653 300 1437059613505 100235 2653 300 1437059613505 100079 2653 300 1437059613505 99796 2653 300 1437059613505 136705 2653 300 1437059613505 136698 2653 300 1437059613505 10813 2653 300 1437059613505 12236 2653 300 1437059613505 12214 2653 300 1437059613505 43704 2653 300 1437059613505 12200 2653 300 1437059613505 102173 2653 300 1437059613505 4568 2653 300 1437059613505 126587 2653 300 1437059613505 102096 31995 2653 300 1437059613505 11583



3000 253 8988 8988















8728 258 300 14386316588091 258 300 14386316588091 262 300 14386316588091 246 300 14386316588091 246 300 14386316588091 246 300 14386316588091 246 300 14386316588091 246 300 14386316588091 246 300 14386316588091 246 300 14386316588091 246 300 14386316588091 246 300 14386316588091 246 300 14386316588091 246 300 14386316588091 258 300 14386316588091 258 300 14386316588091 258 300 14386316588091 246 300 14386316588091 246 300 14386316588091 246 300 14386316588091 246 300 14386316588091 246 300 14386316588091 246 300 14386316588091 246 300 14386316588091 246 300 14386316588091 246 300 14386316588091 246 300 14386316588091 246 300 14386316588091 246 300 14386316588091 246 300 14386316588091 246 300 14386316588091 246 300 14386316588091



100 5007 624





9031

433 1439930849262134 433 1439930849262134 433 1439930849262298 312 300 1439930848524 10813 312 300 1439930848524 43613 312 300 1439930848524 43707 312 300 1439930848524 12200 312 300 1439930848524 50078 312 300 1439930848524 50064 8396 312 300 1439930848524 11583















201510021350523660400 1124904898174 201510021350523710400 1124904898174 210 1800 421 417 18040 18040 18040 497 18040 267 155 289 18040 18040 18040 497 18040 142 300 133 300 201 300 300 300 502 300 150 300 133 300 300 617 300 580 300 121 300 310 310 287 400 277 400 182 400 400 400 112 124 400 112 124 400 124 108 124 137 124 125 124 124 449 124 300 365 124 124 124 383 124 362 124 101 300 125 124 400 302 400 300 400 101 300 400 104 400 133 400 130 400 203 400 130 400 300 1669 933 20150827 581 933 20150827 143 933 20150827 548 933 20150827 226 933 20150827 1156 933 20150827 511 933 20150827 185 933 20150827 1088 933 20150827 141 933 20150827 119 933 20150827 175 9302 109 933 20150827 119 933 20150827 517 933 20150827 306 933 20150827 242 933 20150827 245 933 20150827 933 20150827 933 20150827 213 933 20150827 147 933 20150827 654 933 20150827 572 933 20150827 745 18040



3583



18443



123







8833

201509171158478870400 137 205 124 18040 18040 18040 497 18040 142 300 133 300 201 300 300 300 502 300 300 300 300 300 300 203 400 232 400 300 300 300 266 18040 1142 18040 617 18040 745 18040

201509221748039310400 658827638557 173 1800 190 300 208 300 217 300 521 502 300 300 334 300 267 300 300 300 300 300 300 300 300 300 300 300 102 300 300 300 310 287 400 277 400 182 400 400 400 112 124 400 112 124 400 124 108 124 137 124 125 124 124 108 124 137 124 125 124 124 108 124 137 124 125 124 124 449 124 300 365 124 124 124 383 124 362 124 101 300 125 124 400 302 400 300 400 101 300 400 104 400 133 400 130 400 203 400 130 400 300 1669 933 20150827 581 933 20150827 143 933 20150827 548 933 20150827 226 933 20150827 1156 933 20150827 511 933 20150827 185 933 20150827 1088 933 20150827 141 933 20150827 119 933 20150827 175 9302 109 933 20150827 119 933 20150827 517 933 20150827 306 933 20150827 242 933 20150827 245 933 20150827 933 20150827 933 20150827 213 933 20150827 147 933 20150827 654 933 20150827 572 933 20150827 745 18040





500 500 500 300 500 500 500 300 500 201509231138394990400 1623599577217 573 478 263 18040 497 18040 267 160 128 304 182 162 163 201 261 18040 497 18040 325 294 1019 1084 1019 426 105 159 258 18040 497 18040 325 294 1019 426 105 159 102 310 287 400 277 400 182 400 400 400 112 124 400 112 124 400 124 108 124 137 124 125 124 124 108 124 137 124 125 124 124 108 124 137 124 125 124 124 449 124 300 365 124 124 124 383 124 362 124 101 300 125 124 400 302 400 300 400 101 300 400 104 400 133 400 130 400 203 400 130 400 300 1669 933 20150827 581 933 20150827 143 933 20150827 548 933 20150827 226 933 20150827 1156 933 20150827 511 933 20150827 185 933 20150827 1088 933 20150827 141 933 20150827 119 933 20150827 175 9302 109 933 20150827 119 933 20150827 517 933 20150827 306 933 20150827 242 933 20150827 245 933 20150827 933 20150827 933 20150827 213 933 20150827 147 933 20150827 654 933 20150827 572 933 20150827 745 18040201509231138400020400 1623599577228 201509231138400230400 1623599577228 573 478 263 18040 497 18040 267 160 128 304 182 162 163 201 261 18040 497 18040 325 294 1019 1084 1019 426 105 159 258 18040 497 18040 325 294 1019 426 105 159 102 310 287 400 277 400 182 400 400 400 112 124 400 112 124 400 124 108 124 137 124 125 124 124 108 124 137 124 125 124 124 108 124 137 124 125 124 124 449 124 300 365 124 124 124 383 124 362 124 101 300 125 124 400 302 400 300 400 101 300 400 104 400 133 400 130 400 203 400 130 400 300 1669 933 20150827 581 933 20150827 143 933 20150827 548 933 20150827 226 933 20150827 1156 933 20150827 511 933 20150827 185 933 20150827 1088 933 20150827 141 933 20150827 119 933 20150827 175 9302 109 933 20150827 119 933 20150827 517 933 20150827 306 933 20150827 242 933 20150827 245 933 20150827 933 20150827 933 20150827 213 933 20150827 147 933 20150827 654 933 20150827 572 933 20150827 745 18040

201509221736462470400 658827638536 210 489 18040 18040 18040 497 18040 267 154 158 119 244 113 244 141 244 123 18040 18040 18040 497 18040 244 325 244 294 1019 244 426 244 244 105 244 120 18040 18040 18040 497 18040 244 325 244 294 1019 244 426 244 244 105 244 120 102 310 287 400 277 400 182 400 400 400 112 124 400 112 124 400 124 108 124 137 124 125 124 124 108 124 137 124 125 124 124 108 124 137 124 125 124 124 449 124 300 365 124 124 124 383 124 362 124 101 300 125 124 400 302 400 300 400 101 300 400 104 400 133 400 130 400 203 400 130 400 300 1669 933 20150827 581 933 20150827 143 933 20150827 548 933 20150827 226 933 20150827 1156 933 20150827 511 933 20150827 185 933 20150827 1088 933 20150827 141 933 20150827 119 933 20150827 175 9302 109 933 20150827 119 933 20150827 517 933 20150827 306 933 20150827 242 933 20150827 245 933 20150827 933 20150827 933 20150827 213 933 20150827 147 933 20150827 654 933 20150827 572 933 20150827 745 18040 500



9109 8884 9109

101 930



4714

1233 1234

1921681418075 9159 8801

1440



300



9350

9327 9327

8844 8844


404
404



400 404

14446100735921 5921 631 521 631 521 186 834 994 1303 248 111 260 1201 1193 590 155 376 342 288 278 182 112 120 120 108 137 125 108 137 125 108 137 125 449 365 124 14446100735921 5921 186 834 867 1197 945 109 209 606 329 281 125 105 606 329 281 339 363 265 200 434 415 365 133 163 418 334 166 201 178 292 1145 615 724

300 300 2015110601 300 2015110601 245 256 768 300 2015110601 300 2015110601 300 2015110601 300 2015110601 300 2015110601 300 2015110601 270 204 152 151 163



211401

9182 502 9182

130 7797 0045 201511021531350240800 197400501647 81853 869 46468 4416 031 02004500 2015 022015154500 0800 7797

7797










502 404
404





1921681318079 117 201512111009099960500 913947442124 2623757 549 3898 833 95517 0913 4060 631 522 596 18060 497 18060 267 153 303 292 471 577 187 171 296 103 18060 497 18060 244 325 244 294 1019 244 426 244 244 105 244 120 268 102 18060 497 18060 244 325 244 294 1019 244 426 244 244 105 244 120 181 101 18060 497 18060 244 325 244 294 1019 244 426 244 244 105 244 120 248 100 18060 497 18060 244 325 244 294 1019 244 426 244 244 105 244 120 243 18060 497 18060 244 325 244 294 1019 244 1084 244 1019 244 426 244 244 105 244 120 102 310 287 400 277 400 182 400 400 400 112 124 400 112 124 400 124 108 124 137 124 125 124 124 108 124 137 124 125 124 124 108 124 137 124 125 124 124 449 124 300 2015110601 365 124 124 124 383 124 362 124 101 300 2015110601 125 124 400 302 400 300 2015110601 400 101 300 2015110601 400 104 400 133 400 130 400 203 400 130 400 300 2015110601 1668 935 20151012 581 935 20151012 143 935 20151012 548 935 20151012 226 935 20151012 1158 935 20151012 511 935 20151012 185 935 20151012 1090 935 20151012 141 935 20151012 119 935 20151012 175 9302 109 935 20151012 119 935 20151012 517 935 20151012 306 935 20151012 242 935 20151012 261 935 20151012 935 20151012 192 935 20151012 261 935 20151012 935 20151012 935 20151012 213 935 20151012 147 935 20151012 654 935 20151012 572 935 20151012 745 18060

503 500

8239

211401 5870

404
500
500 404 201512240933003470500 479482432288 18125 160 127 198 163 113 117 141 18040 18040 18040 497 18040 325 294 1019 1084 1019 426 105 157 110 102 310 287 400 277 400 182 400 400 400 112 124 400 112 124 400 124 108 124 137 124 125 124 124 108 124 137 124 125 124 124 108 124 137 124 125 124 124 449 124 300 365 124 124 124 383 124 362 124 101 300 125 124 400 302 400 300 400 101 300 400 104 400 133 400 130 400 203 400 130 400 300 1668 935 20151012 581 935 20151012 143 935 20151012 548 935 20151012 226 935 20151012 1158 935 20151012 511 935 20151012 185 935 20151012 1090 935 20151012 141 935 20151012 119 935 20151012 175 9302 109 935 20151012 119 935 20151012 517 935 20151012 306 935 20151012 242 935 20151012 261 935 20151012 935 20151012 935 20151012 213 935 20151012 147 935 20151012 654 935 20151012 572 935 20151012 745 18040 18125 301 285 123 116





9370

451



404 123

1440 123 200 111
2120
2120







2110 291 291 2120 1452869080 256 634 890 057 391 786 527 00270 25688 1509 977 76717 248220 5908 304 634 890 057 391 786 527 00270 1452869080 429 1482 6702







1000

212001
404
404







212001



212001 212001 212001

4115 0002 0002 0002 002 0002 0002
2012


036 039 20160212111406 039





1440 1440

910 18444 18444 18444

1440 1440

212001
182
182

201602231304562460500 206 206 223 130 153 119 480 406 108 182 119 270 745 18040 206 206 223 326 223 124 206 224 341 592 410 226 1069 1966 159 2568 121 1768 1759 187 215 270 139 270 113 125 113 133 223 323 206 206







212001 212001

404 100



500 404 404 404





9858

9572 201603221352340860400 872875942278 2967 181



768



201603211607483440400 530 18040 424 18040 331 325 357 18040 212 300 190 300 300 300 159 228 400 400 300 191 300 300 400 400 115 300 104 210 154 300 300 152 300 300 300 941 600 870 600 256 600 229 600 901 600 991 540 839 540 546 540 4557 540 3549 540 348 540 300 697 540 2226 540 2144 540 1371 540 308 540 745 18040

2121 201603251624471550400 10346827621599 1000 3512 3431 118 112 270 160 277 270 147 512 18040 18040 18040 497 18040 142 300 133 300 221 300 300 300 502 300 150 300 133 300 300 617 300 580 300 127 300 310 310 287 400 277 400 182 400 400 400 112 124 400 112 124 400 124 108 124 137 124 125 124 124 449 124 300 365 124 124 124 383 124 362 124 101 300 125 124 400 302 400 300 400 300 400 104 400 133 400 130 400 203 400 130 400 300 1668 937 20160115 581 937 20160115 143 937 20160115 548 937 20160115 226 937 20160115 1158 937 20160115 511 937 20160115 185 937 20160115 1090 937 20160115 141 937 20160115 119 937 20160115 175 9302 109 937 20160115 119 937 20160115 517 937 20160115 308 937 20160115 242 937 20160115 273 937 20160115 937 20160115 197 937 20160115 273 937 20160115 937 20160115 937 20160115 213 937 20160115 147 937 20160115 654 937 20160115 572 937 20160115 745 18040 1000 216 894 335 1222 148 135 490 260 125 490 101 260 125 3507 102 201603251624471610400 10346827621599 210 171 277 270 147 18040 18040 18040 497 18040 142 300 133 300 221 300 300 300 502 300 150 300 133 300 300 617 300 580 300 127 300 310 310 287 400 277 400 182 400 400 400 112 124 400 112 124 400 124 108 124 137 124 125 124 124 449 124 300 365 124 124 124 383 124 362 124 101 300 125 124 400 302 400 300 400 300 400 104 400 133 400 130 400 203 400 130 400 300 1668 937 20160115 581 937 20160115 143 937 20160115 548 937 20160115 226 937 20160115 1158 937 20160115 511 937 20160115 185 937 20160115 1090 937 20160115 141 937 20160115 119 937 20160115 175 9302 109 937 20160115 119 937 20160115 517 937 20160115 308 937 20160115 242 937 20160115 273 937 20160115 937 20160115 197 937 20160115 273 937 20160115 937 20160115 937 20160115 213 937 20160115 147 937 20160115 654 937 20160115 572 937 20160115 745 18040 1000 3512 3431 118 112 270 160 1000 216 894 335 1222 148 135 490 260 125 490 101 260 125 3507102





2121 100

300



2015 440 20153 423 440 440

10017



10040 10040



300



404 404 21220 19822 11017 103510 12920 96212 12920 90816 35511 8337 11026 10717 2939 4820 84424 87030 112231 78841 60444 177 0129 1540 300
404


9906




500
500

404 2144 2144





30003


404
404



8941

1111

00007 00000065508 00007 900028 00007 000000065508 00007 900028 00007 400000065508 00007 900028 00007 800000065508 00007 900028 00007 00000065504 00007 800032 4096



9976




182 400
400 182 300 300 182 300 182 127001 20161346030100 995080 9794 4393 0979362 11202012166127001 20161346040100 995080 9794 4393 0979362 2563 2500 7958 79466 917 532 11400192564 30003



211




302
200 302 302 200 302

8879

401 401 282 282 282 221 100 1270018888 162016101455 162016101455 162016101455 162016101455 162016101455 162016101455 0628 20160516 1014550300 309 282 100 282 100 216 153 145 116 128 307 193 106 862 286 197 498 289 229 415 356 100 284 134 20820 100 143 171 28022 100 317 245 413 13924 100 355 274 31127 644 427 410 510 35029 109 153 401

100000 500000




404
304 404 304 304 304 304 404 404 404 404 304 404 404 404

970

4194

5734448 2935807073 261413 263


191 1100
1100 191 191 1100



116

7575

182 1921682979540 192168297 9540







300 401
404
404 404

10014 10014

502 19216818318887 502



500

01607011440557150400 93973 8495 923 0646340 158 1800 310 144 310 105 310 202 222 310 120 124 108 124 511 18040 266 18040 1142 18040 617 18040 745 18040





2114

404



380
404
404 404



201607201111247290400 585549155319 542 18040 615 18040



167 167 167 407 167 8012 127001 321









502

404 404 2052 228 2052 228









30003 3300 1120 080 721511





9670 8430

200404 400





1000

1024 768
500
302

213001 213001 401 200

1912


88591 400
88591 88591 88591












304 404
404 404 200 855 304 404

9304

302





6838 6844







30101




263
30202 241

9493





112




400


2121011 191 61003 4101 61004 4121 4131 61003 61004

832 2080 832 832 832

100 100 105 100





310
11401
401 401

11530 404



11632



11542
404
310 201611162126555740000 1729674283259 21114 256 52451474 5244 404 2211515920 20162126550000 1114 21114 256 52451474 5244 114040192211515920 20162126560000 1114 21114 0552 8277 615 465968 2563 52451474 5244 1120102292211515920 20162126560000 1114 21114 256 52451474 5244 1120005





201611231800095780000 16164933201434 841815 262 855 1083 1389 1367 266 125 277 249 490 260 125 3788 2849 180101 180101 180101 498 180101 325 294 1019 426 5226 3446 3463 274 125 245 432 180101 498 180101 325 294 1019 1084 1019 426 105 115 114 310 287 400 277 400 182 400 400 400 112 132 400 112 132 400 132 108 132 137 132 125 132 132 108 132 137 132 125 132 132 108 132 137 132 125 132 132 449 132 31004 365 132 132 132 383 132 362 132 101 31004 125 132 400 112 31004 400 302 400 31004 400 31004 400 104 400 133 400 130 400 203 400 130 400 31004 1668 937 20160115 581 937 20160115 143 937 20160115 548 937 20160115 226 937 20160115 1158 937 20160115 511 937 20160115 185 937 20160115 1090 937 20160115 141 937 20160115 119 937 20160115 175 9302 109 937 20160115 119 937 20160115 517 937 20160115 308 937 20160115 242 937 20160115 273 937 20160115 937 20160115 937 20160115 213 937 20160115 147 937 20160115 654 937 20160115 572 937 20160115 745 180101

30202 100 400 100 100 400

31002











310

10759 10759

2141 2141

14603 302 404 400

400

20161209180002 50727 50728 50729 50730 50731 50732 50733 50734 50735 50736 50737 50738 50739 50740 50741 50742 50743 50744 50745 50746 50747 50748 50749 50750 50751 50752 50753 50754 50755 50756 50757 50758 50759 50760 50761 50762 50763 50764 50765 50766 50767 50768 50769 50770 50771 50772 50773 50774 50775 50776 50777 50778 50779 50780 50781 50782 50783 50784 50785 50786 50787 50788 50789 50790 50791 50792 50793 50794 50795 50796 50797 50798 50799 50800 50801 50802 50803 50804 50805 50806 50807 50808 50809 50810 50811 50812 50813 50814 50815 50816 50817 50818 50819 50820 50821 50822 50823 50824 50825 50826 50827 50828 50829 50830 50831 50832 50833 50834 50835 50836 50837 50838 50839 50840 50841 50842 50843 50844 50845 50846 50847 50848 50849 50850 50851 50852 50853 50854 50855 50856 50857 50858 50859 50860 50861 50862 50863 50864 50865 50866 50867 50868 50869 50870 50871 50872 50873 50874 50875 50876 50877 50878 50879 50880 50881 50882 50883 50884 50885 50886 50887 50888 20161209180107 020161209180107 20161209180107 695 6020161209180107 0000808020161209180108 212001 212001 20161209180117 20161209180117 50745 20161209180117 20161209180118 20161209180118 20161209180118 20161209180118 20161209180118 20161209180118 20161209180118 20161209180118 20161209180119 20161209180119 20161209180119 20161209180119 20161209180119 20161209180119 20161209180119 20161209180119 20161209180119 20161209180120
500
500
404
109 404 2143321

214101 31004

331

302 310 302 302 310 310



1130 112 201612151451066130600 25286583511141 1033165 15144920 2016 721511 651 721511 651 201612151508522710600 25286583511186 721511 25600 21665 632 741 79722 85115 761125 9404 201612151509052930600 25286583511201 721511 651 271 855 271 1083 271 1389 271 1367 271 266 271 125 271 3788 271 2849 271 209 127 30202 728 30202 30202 240 296

0003 283 423
500
500

11874 2142 320 3204 20161227 1748018660400 001 001 001 001 1001 15747 094 7720 785 405 0122 15747 094 7720 785 20161227 213440348 20161227 214801870 00120161227 213440348 404



321





9087 9087



1001



302 302 302 302 302301307

12040 11614





30101 304 200 404

404







32001



400411 412 3103 400 3103 400

485000 270 175 2039 1082 738 111 253 498 325 384 1024 166 238 498 325 294 1024 414 408 495 511 266 1142 617 745 271 175 2039 403 260 154 158 147 271 168 351 498 325 384 1024 166 197 395 498 325 294 1024 414 408 495 511 266 1142 617 745 5912 274 175 836 870 1199 209 285 267 731 135 649 628 3234 2864 1091 3227 1921 649 102 588 1619 1566 2450 2265 1001 209 530 512 488 2577 2523 147 367 463 498 270 206 131 3286 3286 228 3286 1491969362139 200 146 199 135 317 460 498 325 294 1024 414 408 495 511 266 1142 617 745 8387





201701171759192930600 1976642001174945 201701171759193550600 1976642001174945 201701171759193550600 1976642001174945 201701171759193550600 1976642001174945 201701171759193710600 1976642001174945 401



999
500
400





110 110
404


320

002 002

2057

12028

12028 250 250

2015 214 12310

12700107 20171238360500 1486489116483 112001898

12360 11213



500



2142

11213



500





321
10154
10154 10154
500
321 8000



436 2143


500 404
500 500 404



248 248

12360 12360

320 321

321 330

160 401 411 401 4011 410 410 6158



400 1487857435 1488295749 956 1487857435 201 400 1488295749 956 400 201 10201712082020541



332001 201703011638029340100 1053574947168 214201



321 1440 123
500
500
256 384 512
512 201703221649375750100 512

31004 103 104 101 101103 104




503
503 500

12484 520 160 401 411 401 4011 410 410 160 160 160 400 4010 4010 400 400 4010 4010 4010 400 4010 400 4010 4010 400 400 400 400 400 4020 4010 4010 4010 4010 12484

168 168

100000 100000 1000


404
404 404 404

3861



2560 8350966123 27427152 66024 280 61882 832 11202

321

100 100

3213402

500 1721725121 20172311270000 1150004624 441 695


114
10087 114 404

403 404





256

2144 330 20170413102926293 20170413103152430









12337





331 2144 331

1000

576 522

140 150 2113





5000





401

401 401

3752052 8289







13048

2016 2922750 5621

6857 401 401







12520 12520



12711 123 123 123 123

331

112 214 112 207462852393759375 00007 0404800 2014 00007 4466 000 116 196 134 194 209 219 182 103 142 154 116 370 494 971 1033 696 608 543 00000006 578


500
331 500




400


321 331 19216829714440 19216829713350 19216829714440 19216829713350 319216829714440 19216829714440 19216829714440 19216829713350 19216829713350 19216829713350 304 0000 200 304 321 304

12390







500 1722095 20170715590700 115006531 17060 183 402 4930 17060



2053

201706161501342970400 31792032299 2564 5460 6322019 0921 425506306 6708 614665863404 10517



331 201706170300001410200 365



13378


65536
12041 65536









12064 500 20170402 133750910 1480511591411 2015 3121



340

152







0000



13735







20170803020203687 20170803020228285


404 304 200
350 404 304 304 200 404 304

256 256 350 245 256 774 91467 1532 0275 214 532 979 887 374469 5276 1437482 832 330



350 1440

001



13580 13939

13064

2144







686 386 350



200 200







350

350 350 1024 80818081 3351 1800 1800 1800 120 330341





14048
352 310
352 310 310



352 201709180719213420000 599497797 03970 912118 575 270 145 108 202 120 108 511 266 1142 617 745 583 56316

352







20170739420700 790 073532

700900 200 200
403
403 352

11200 2017164910 35002 2017221317 51711









36002 101051391718001 101051391718001







8081



11745 11744



14631

128 1000



36002


501400 204
501400 204 127001 20171337070500 1140001 31127001 20171337070500 1120401 31127001 20171337070500 1140001 31127001 20171337070500 1140002 3112700101 20171337070500 1150101 405 400 501 204 204 405 123123123123 20191429180400 001 114056544123123123123 20191429180400 001 1120107 123123123123 20191406460400 001 11204001123123123123 20191406460400 001 11204001123123123123 20191406460400 11204001123123123123 20191406460400 11204001123123123123 20191406460400 11204001123123123123 20191406460400 11204002123123123123 20191406460400 11204001123123123123 20191406460400 11204001123123123123 20191406460400 11204002123123123123 20191406460400 11400002123123123123 20191406460400 1140000112312312312313 20191406460400 1150100012312312312313 20191406460400 11501001123123123123 20191406460400 001 1120107 405



13056

430 36002



430 360







201711210718044480000 336 42028 074


204
204 204
406
406 422





15011 8664 15011 8664 150 15011





201712071450311





100 100 400



200

370 201712210908169000600 144 101 145 108 202 120 108 370 370





403 127001 20180836190600 1514903779880 114035813

371 10692

576 37102

560 132 370 362



13208

15469

371

12344 12201



404 5743 34300 6900166 134 574



15714

201801301053438340400 73264139975 686 337323 656 9387 6808 26255 138 404 8664



20180131 170131



404 404

5713 120 120

360 10565

304

380

304







11231



2592000 8081 10133 53736 6403282167 53736 1639 04828 8713

16560
2148
2147 2148 2147 2148

201802230820164930700 41067 129 10000

123 100000 123

100 100 1100 100 100 2100 11100 1100 100 100 100 100 100 100 100 100 100 100 100 100

371

380 115 20180227155805 500 221

404 12309 12309
0503
110818

405






2234
2231 2233 2234



200 371







500 500

390


401
401 401 6515 401 401

200 380 948 9320 380 948

16303

16303





370 14377





11632 15545 4218



500

201802171155136830600 1817 1817 201802171155137310600 201802171155137810600 100 100 201802171155138310600 201802171155138800600 888888256 240 888888256 240 201802171155139290600 201802171155139800600 201802171155140340600 201802171155140840600
401

3100
310004 02072016 0000 112017000000 0500

2904







3100



222 230 230





16272199513491 13491 442 1627219955951 5951 207 118 390 175 1854 245 153 165 233 162721995408 408 442 1627219955951 5951 207 118 390 175 619 160 162 203 178 131 125 108 137 125 108 137 125 449 1627219951015 1015 442 1627219955951 5951 207 118 390 175 268 271 271 271 253 354 182 498 329 281 1032 466 661 179 602 357

201805021411035060600 174 257 241 251 125 144



311001 58724 00947 172

00211

310004 146 123 100


401
401 403

15153

2148 500

3100 3120 449 711 72515

360
3120






8444 8444







3100

3121011 3121011 3121011 3121011 3121011 3121011 3121011 3121011 3121011 3121011 3121011 20180620172316072





8081 180171 11200 2018112230 312001 190882219 8081 180171 11200 2018112224 312001 2018111729 190882219

3121 201806261430188630500 335821775220

362 3121 123



201806290000232320600 19419430413484

38002



200 200 2042 2003 404 200 404

201807061440204330500 335821775248 408 0401 201807061440414410500 441 999 441 999 441 999 678 145 201807061441006090500 201807061441114510500 441 999 441 999 441 999 678 145 404


404
404 100 200 470 404 404 201807131522086720100 784640267626 11201807131522087920100 784640267626 11404 31536000 2018142203 201807131522087920100 784640267626 11404 201807131522087930100 784640267626 404 201807131522089010100 784640267626 480 35278 3240 3276246 610771 470





201808141521387280400 54561971542 210 163 137 100 497 142 133 236 502 150 133 630 593 141



201808141015452620800 15017962692439 360 360 8664 360 360 8664 201808141015454790800 15017962692439 360 360 8664 360 360 8664 201808141016573860800 15017962692437 360 360 8664 360 360 8664 201808141016577120800 15017962692437 360 360 8664 360 360 8664

312101 312101 313

3130 15714

404 17756

311 311 313 201822

201808270755175110600 389114725397394 1844 201808270755235820600 389114725397122 1844 201808270755252370600 389114725397304 201808270755295480600 389114725397405 1844 201808270755359540600 389114725397248 1844

201808260815326340500 11201808260815328210500 395 201808260815328350500 976 2236 772 02098 89779 7305 3788 3421 3318 756 291 3400 3318 115 193 1257 135 05174 05174 549 228 191 05174 155 191 1429 308 748 497 576 472 148 1854 2626 773 129 310 401 614 348 279 759 670 627 1638 1585 522 485 340033 49155 381 424 357 1764 1693 1528 200 1958 357 348 683 1863 1746 2037 1568 428

2149 3130 201808291245095920500 882 206 172 225 209 200 155 208 170 146 118 333 350

3313001 76102 11200 2018125248 313001 8664 8664 099 7751804 8664 256 9028493 7103488323578187 282 4711199 04509319 256 16456 024 1535719990576 1535623528 1535623528 1535623528

201808312100174120400 474 201808312100185150400 483 201808312100205070400 474 201808312101205070400 486 201808312101260060400 486 201808312101262210400 512



31302

404

3130 127001 20181652210500 23151 1120006 7540 201809071653212550500 7201809071653213300500


404
3130 404 403 400 403





3130 3130 99380758520058 20058 106 106 160 392 327 206 99380758520116 130 1325 20116 2034 187 162 291 1725 103 329 139 140 138 379 384 105 414 404 609 1638 1585 522 485 3400 3318 202 170 371 377 268 270 225 244 211 8717 228 211 99380758520180 1325 20180 213 266 355 294 145 766 742 721 4220 3807 1410 3395 2008 656 103 585 1638 1585 2466 2280 1017 203 527 509 485 3400 3318 202 170 449 455





3130



3130 201810111402551230300 370829994301 392 201810111402551240300 370829994301 392 201810111402551240300 370829994301 392

123 123001 123001 8213 2502 1283 1131 528 2888 2701 1069 3069 2257 3807 557 586 133 376 327 296 249 201 313 310



200

18260



3130 21211 332 403 17303 18274

18317



3140 3140 3130 201810241314008220300 2079105816225 201810241314076220300 2079105816186 11201810241314076300300 2079105816186 11200 7711 201810241314076300300 2079105816186 201810241314076820300 3757837 372 3757837 372 542 558 1029 744 008 201810241314174890300 207910581661 8112 11201810241314174970300 207910581661 11200 8334 400 16565

32201807241428432 5144 3320181025134249614

16242 201811011824378500000 63936684755651 558 108382 440 201811011824378610000 63936684755651 558 108382 440 210 916 201811011824378510000 63936684755651 2569030 8181 010 27359 7557 753 5272211 02656

201811061708596720000 103274857649 201811061709009260000 103274857649 201811061709009360000 103274857649 116 128 181 167 498



201811121610102850000 1301159914189 201811121610093 201811121610102860000 1301159914189 108 498 213 136 151





15163 3130 15163

3140 2366



5368709120 400

12684






500
33101 311001 314004 123 654 812 041 500

314004 314

18706



201901031122254500800 799270832391 400 210 100 342 218 214

500 201901100451296840000 19908216721160244 748 034 78911 742 742 201 1811 126 498 485 471 152 234 464 309 282 210 228 2281 00007 298055800 32291 259 0000000707 4788 311 284 345 0000000707 107 109 371 355 184 150 134 120 228 190 175 274 498 144 00000006 120 108 1149 624 748 00000006

404 404

201901181220263710500 080 145 091 715 155 300 142 874 852 389 1149 624 748 0352264 56957 189 373372 626 553 416 413 378 1149 624 748

3140 9411 9412
200
200 503

151900

3150
500
500 5000 500

291 540936684234234 00007 3480013000 170 00007 49000 283 00000006 268 264 250 321 289275393005 315 133 025 025 753 228 272 025 139 406297358118 159 135 115 3851669743823 1289 235 498 3841417277946 120 108 24155969703 830 1379 129 215 186 212 132 2131347710971 2521880833496 120 227 171 120 108 24155969703 830 1379 129 128 199 132 325 289 174 2949 2870 183 181 498 193 218 200 146 107
400 401
401 404 401 201902110004508470700 952548213606 1472401 201902110004511170700 952548213513 401 514 457 442 841 105 325 405 375 245 859 234 37600000000042 122 225 269 245 508 325 264 1034 418 400

021



18731

3152

3152 201902141246201650600 125386036232 322 272 272 116 136 318 498 142 133 502 150 133 632 595 130 286 276 181 112 108 137 125 108 137 125 108 137 125 449 365 383 362 101 125 108 101 104 135 1634 533 146 548 132 257 1595 255 1317 203 473 1564 201 1219 144 132 175 126 132 531 352 260 281 102 118 333 310 168 126 366 762 680 748201902141246336830600 125386036233 322 116 136 276 498 142 133
403 307
403















501 314004 404


404
403 404 403

3152 315201 315201 315201 315201 315201 316001 316001 316001 316001 316001 316102 316102 316102 316102 316102 316201 316201 316102 316102 316102

100 100 200 200 200 200
304
304 21412 304 19216817813 20191326250500 1130403

172019143520 0300 172019143520 0300 201903142001378710000 201903142001378790000

19461



680

3152

19018

3160 3110

3160

201904200902223250400 111 461 200 146 415 382 120 240 129 141 272 184 175 1374 481 471 151 174 234 418 145 108 202 120 108 511 266 1149 624 748 3037 3080 1451 1436 1131 913 519 548 196 146 8939

18103

3161

123 123



504 207 243 222 318101 318101 318101 318101 387 60370 6318602351

123

3152 3161 3161 3161



200 760 8664 4049

48983 960 128 347 204 4760 6517 2463 549177 6517 2463 128 347 549177 204 4760 48983 960 3161 201907251647134200700 88406583420671 7654 644 1159 6580 7654 644 1159 6580 201907251647134200700 88406583420671 7654 644 1159 6581564098432951 7654 644 1159 6581564098432951 201907251647134200700 88406583420671 7654 644 1159 6581564098433295 7654 644 1159 6581564098433295 201907251647134200700 88406583420671 7654 644 1159 658 126 585 228 150 423 498 325 264 1034 418 124 181 298 128 498 325 264 1034 418 124 181 127 498 325 264 1034 418 124 181 114 286 276 181 112 108 137 125 108 137 125 108 137 125 108 137 125 449 365 383 362 101 125 108 112 101 104 135 1602 540 146 548 132 257 1588 255 1345 203 480 1557 201 1247 144 132 239 126 132 502 364 260 305 103 118 333 310 168 126 366 765 683 748 3161 201907251647133880700 45270 1722086 256 414 9476 975912 8173784 256 414 9476 975912 8173784 201907251647137480700 45270 1722086 256 414 9476 975912 8173784 256 414 9476 975912 8173784

3180



200 200 200

9847









500
3220

