
15369







100

24041















100 100 22831 325 22831 325 100 800






1204
1204

10000


1804
1804









34384 34383 32606 32606
1013




32675





1204 1404 1604 120464 140464 160464 1264 1164 7164 8164

33278 6264 1404 1604 1604 6264

25777 3586 25640











32993 72002















29213 29213 34070





6648 6713


3998










66753 389 96100644 347347 91353 899 100644 35273527 1604 31717 33184

33513 2923













31670

19630 100644 104610415 1281713734



20057 33538





40080 40078 40353 34598

100



29355















34704



33647







793 7007 1525027831965041 20180429 185839654000020180429 1858396530000 793 7007 1525027831965041 20180429 1858396540000 1814 793 7007 1525027831965041 20180429 1858396540000 48513 793 7007 1525027831965041 20180429 1858396540000 59416 793 7007 1525027831965041 20180429 1858396540000 12817 793 7007 1525027831965041 20180429 1858396550000 12713 793 7007 1525027831965041 20180429 1858396550000 365 793 7007 1525027831965041 20180429 1858396550000 793 7007 1525027831965041 20180429 1858396550000 793 7007 1525027831965041 20180429 1858396580000 793 7007 1525027831965041









34548 30204













105 105







34293



625 72100644 166167 267277 26466 34555



5000 20180530220912 34666

33605

32997







35094

1457

10133 273 400 156

35472









36076 36078

36069 36073





35537











9986






4240
4036



1804 1404 1604 1404 1804







36069 36076


401
401 2018 401 400 400500500

10349

35416

35383 35124

25640









36718 10462









38588


1804
1804

34820



34738

















37643 37636 24239

37636 37644



37651
2008
37429

497


105088
105088 1337 1337 1337 1337


1804
1804


1804
1804
1804
1804







37795 368 100 403 368 403 368 36221 403 368 403 368

















1158









727 5379

3219 3414 3414 4037



18452 38116
105145
105145

38323





156 325 195 299

503







38115







3155 30642



36613





6210 2008 220



37009 37009

38139

33161



39066 37643





525









39458 39533













1000 600 39311

38911

6264 6264 6264 6264

3413 3413










1012
1014 1012



38822





































39026



25175









10000000 2008 1604 1604









39981

5759

2394 30979 32468

7506



28785



40176







4640

40468















24729

2008 642 2008 2017 2017 2017 642 2008 642 642

























1404 37765

35198

35152





2244





41327



12018 1604 128



162 162





6264 6264 1804 1804 642



35207



















2437






3222
8664032221 39005 26564

13954





1000













33963

2016

2016



42356

42356















1520



3040







1546













11716 14342



43254




2004
2004











6445





33049



390 390

390 390 390 390 1804 390

1014









364042

100 4013 421 421 421







45127





45342



720

45491 2235



























46082

461
6264
6264 6264 1604 1804











46687































8664







041 45884 29886

















45586



47136



47796









1317















47716



6175 100

46682






















1804


1822 1822 1822



421 46450



12714

49786







48048 48048




