










000000 256























2436

2432














































































165
165









295 491









301














404
000 404 000



















369

369

369









369







329











160402 153246 153246 153247 153247 153247 153247 153247 153247 153247 153247 153247 1001 32624823347214206 12700140000 1270018800



160402 150 126 4096 162025 4096 51437

160402









100



















459



448

017

1001901534 1001901535 1001901535 1001901537 1001901538 1001901538 1001901538 1001901538 1001901538 1001901539 1001901541 1001901548 1001901549 04004 1001901549 1001901551 1001901551 1001901551 1001901552 1001901567 1001901574 1001901611 125 1001901617 099 11521 8669 227 3066 682512 738 0006 017664 99754 4321 78203 749 5679 000000 1001901621 1001901630 1001901647 177 1001901655 000000 1400 274474 12840 169 04216 1001901660 1001901676 177 1001901677 000000 1400 274474 1918142591 1001901680 1001901683 177 1001901699 000000 1400 274474 12840 169 04216 1001901704 1001901706 293 1001901707 000000 1400 274474 12840 169 04216 1001901713 1001901715 1001901720 00964360237121582 1001901722 63250521 8448 007198 498 745514 1001901726 58920 63250521 00000000 1001901726 1001901727 1001901727 1001901728 08800 1001901728 1001901732 58920 63250521 00000000 1001901734 58920 63250521 00000000 1001901891 144 1001901893 5834 71895 3883423 71365 658 3557628 065 6422 4547 030 300 160343466 148728 1001901893 763 0695 1394257 1001901882 1001901895 001900 1001901984 001901 001901 1001901985 4004 1001901987 8080 001901 02845303 294114701414 691523 1074417241 0256 2891 05594 932353 120 7705587070332 0256 2891 05594 932353 120 770558707033216034371 478 337 8665744 0443 020158 1001902447 1721806 1001902448 1001902450 1042 1001902454 763 0695 1394257 1001902455 1001902455 1001902456 0256 2891 05594 932353 120 770558707033216034371 478 337 8665744 0443 020158 1001902457 177 1001902457 16034371 478 337 8665744 0443 020158 1001902458 763 0695 1394257 1001902461 259 1001902462 16034371 478 337 8665744 0443 020158 1001902464 763 0695 1394257 1001902468 1001902469 001513814926147461 1001902554 641 859 5892 1001902555 1001902555 641 859 5892 1001902556 641 859 5892 1001902558 763 0695 1394257 1001902559 1001902560 1001902561 0256 2891 05594 932353 120 770558707033216034371 478 337 8665744 0443 020158 1001902562 177 1001902562 16034371 478 337 8665744 0443 020158 1001902563 763 0695 1394257 1001902566 259 1001902566 16034371 478 337 8665744 0443 020158 1001902567 763 0695 1394257 1001902569 1001902571 641 1001902571 641 859 5892 1001902572 641 859 5892 1001902572 641 859 5892 1001902575 641 859 5892 1001902575 641 859 5892 1001902575 641 859 5892 1001902576 0011431694030761719 1001912454 469 1001912455 1001912457 201 175 10009 1270018080 131 521 539 544 754 755 755 1001902447 1721806 1001902448 1001902450 1042 756 1001902575 641 859 5892 1001902576 0011431694030761719 1001912454 469 1001912455 1001912457 201 175 10009 758 758 800 805 807 807 809 812 030621468 3038 030621473 0030621475 102 2848 813 030621465 001 127001030621466 030621477 030621477 001202 311 0012 030621487 127001 814 4852917729684074 0157849 814 815 1001902447 1721806815 816 817 817 817 818 818 819031649300 079 127001031649302 031649657 031649658 079 201 306 0358 820 820 821 128 2048 821 821 822 823 823 824 824 825 825 826 833 833 834 836

































341968










































8008
8080 8008 8080



5331448691385644 160 144 152 275 275











9111113 21847266148 9387194 59154 959 1531 031799 610 227 610 952 379 436 0562 65406 442 710 9148489359 8378 670768828 41121 8801 5228 871 721 7554 747121615 2344701945 541453 9475 4194 708925







101


8800
1270018800 1270014004 1270018008 1270014004





104





2018

















1447



1434







5050



640



114 115




