




221 300 6699



















9229



212





300 20121018140140















2357

































3201 9293 3201 9293
























330
330 2014







394 323

389 389





1000











8080











109

112

























115 5000 5000 115 5000 5000 4999 1000 115
330
















233 412 233





11651 12234 10345 8784 13694









1449





400

14301 100000396 100000397 100000424 100000780
1742 331
330

111 114



256

1442 1442

323
140
140 140 140

112 112 113 113



1015

150

150









1535
3894
3894 3894
100000
100000















5000






150
150







140
114
114

1467






443











994
994



1437

1482

330













1588
963
963


787
787 787





1807



678



1807



17662

1809

















1115



















1098







10000





360
118



092
092








117
118 118 118

1908

5002











0423 648765 03683





484848 222 222

1774





























4330











1783













4387 118

100

























1967

330







386











273

17805





4502



1216



700000 980000098 700000 9800000





6972

350











170















2104

100 100 100 100

2058



360 400



18129












117
117 117





400

320










1110












1942













4607


1112


200








330
400 330 341

1273 2124 2198 301







108









1113 4676 100
113
1113








400
330

03125














4678 120
120 120 8082 962

2244 19115



410



400

536

























18052 19004

937



330 7673

403 403 120 120 722 502 180


400 410









130












19477 19485 19486 19487 1024 1024 180 180603 512 512 1024 1024 1024 1024



19394 19482













363 8990





510

19081















410 410 410 500



502 10111 17179869184 01038 1428 505 520 20151021171225 520 20151021171225







404









2330


404
404 2851 3129 793















19446
440
440

520

520





20139



19964 600

1315

1346


100
100







100 100 22460601000





18683
404
404











18099 19759 100

404





19751 520

20431



19544




520
20160226 113703





20489 521 19694 20489















7735














404
404

2435

520265





20160323 093115

2489





460



540



522













192 500 500


465 587
4754 587

180185

160240 110190 135215
100
100



23497



2013











8081

1210 400 1210

1000



185 2016 187 531 190 540







404
550
550 50053160 54073 55073 600
121
2478






550
550
550
550
490
490

14503






491
491








550
550
550
550
471
471

290 908 782 320 755













































49030 2016 15228 2016 15229 2016 20116 2014

342 360 600






550
550








551
551
551
551


153






542 1026 542 1026










600
600




600
600
480
480
480
480
480
480
600
600
600
600
600
600
600
600
600
600
1100
1100
600
600








1100
1100























121 122








4100
4100


490
490
601
600
610
600



420 600 4206 51060001274

111616


160 1234560
356
1100



481
481


1100
1100











600 600 600 601



8556 8556

2703 155



160




196
550
195
550
193
550
192
550
550
550






155
155
155
155
154
154
153
153
155
155
154
154
602
602
4120
4120
4110
4110


4101
4101

2682

521 541 597 598 604 605 524 527 601 599 519 606








602
602













120













154

141 1441 1442 1443 1444 3601445 360 360







154 8664 201612144


201
201













80443






210
210
610
610
620
620
604
604
610
23760 23759 23833 24063
160
160
4111
4111


4120
4120

3374511 8438993 3374511 843899 001 001 37390749 122081651 338688 1512093 001 001 33852222 151210556




4120
4120





620




621
621

3103 3103 3006






4130
4130


211
211


4130
4130
160
160




622
622
4122
4130
610
610
2886
2886

1220 1221








8352
8352
490
490
611
611





610














4123
4123




212
212














491
491

600 51055

24953 611 611
161160
161 1706 20170714143922






491
491





512 256 512

512 256 512








































4131
4131




4100
4100

8800 20170908 64817 20170908 65031 20170908 65103 20170908 65407 20170908 65534 20170908 65633 20170908 65726



20170912164321445
620

622
622
4100
4100







24037 24723





700
221
221











630 630 531 531 551 630

20171106093229610

700
700 500
700 700 2580 2641 700 8011
700 500
700 700 2380 2641 700 8011







630



500 0039 0040 0041

700

20151123 20151123
300

701
701
701
701
404
404


133
11012 133 092 11012 133 133 092112133

1318
702
702
110
110







110


710
710

330 700 250 500 330 500



700
710
710
703
703


711
711



43299747 43299747 43299747 43299747 43299747 43299726 43299747 43299726 43299726 43299726 43299726 43299747 30083282 43299941 43299941 30085351 29004837 35620436 35620436 29004938 37550296 27595262 29004925 27595277 27595277 29004875 30083282 35620083 43299782 43298669 35619828 49153285 37540095 29004842 53870988 37525491 37525491 37525491 29004860 29004851 29004837 29004850 29004837 29004837 29004850 29004837 29004877 46254742 37540095 29004842 53870988 37525491 29004860 37525491 37525491 29004860 30083218 30083218 30083200 30083200 37525491 30083213 43288997 43288310 29004923 27595262 27595262 29004925 27595277 37540095 29004843 29004844 30083218 30083213 29004837 29004837 29004925 27595277 37525491 30083214 43298965 43298697 43298691 43298693 43298769 46257699 29004851 29004875 29004873 30083200 37525491 29004732 37525491 37525491 30083024 30083213 27595262 37550296 37540095 46248212 35620436 46248212 35620436 46248212 35620436 37525491 43288310 43288997 46248208 29004843 37525491 30083200



49153285 46245598 46245598 46245598 46245598 46245598 46245598 46245598 46245598 46245598 46245598 46245598 49153285 43299782 49153285

40930452 37551711 37551711 43298716 43298776 43298776 37551713 43298776 43298776 43298776 37551713 37551713 49153865 49153865 49153865 43299610 37551711 37551713 37551713 37551713 43298780 37551713 37551713 37551713 37551713 43298780

49153774 49153261 49153261 50168366 50168366 50168366 50168366 43298780 43298774 43298774 43298774 43298707 49153255 43298769 43298707 43298730 43298722 49153774 53873264 37551713 37551713 37551713 43298718 43298726 43298707 37551713 37551717 37551717 37551717 37551717 40930452 40930452 40930452 40930452 40930452 37539664 29004921 29004897 37551717 43298693 51250946

49152904 30083282 43304385 52299236 49152904 43298965 49152904



43287298 43287298 53871456 43287298 30083143 30083134 30083143 30083134 29004929 43287298 43287298 29004888 34636221 29004891 29004921 30868771 30088343 34636221 29004891 30868771 30088343 34636390 36739592 29004895 35621526 34636240 34636384 34636384 34636221 46248601 35621526 34638026 33623072 30083099 30083132 34638026 33623072 27595262 29004875 27595262 29004921 29004896 29004929 49158655 34636221 30083281 43298711 43298693 30083337 46253491 50168352 43309535 29004921 29004851 29004844 29004851 29004844 29004844 29004844 29004844 29004844 29004844 29004844 29004844 29004844 29004844 29004844 29004844 29004844 29004844 29004844 29004844 29004844 29004844 29004844 29004844 29004844 29004844 29004844 29004875 29004844 29004844 29004844 29004837 29004844 29004897 53871456 43298780 29004897 29004921 34636221 29004921 30083337 43299501 43299501 29004921 29004921 29004921 30868771 29004895 30868771 30088343 43298780 43299501 46255933 43298780 29004921 43298695 46007568 50168352 29004938 29004875 43299501 35620436 43298669 29004875 30083705 43299501 34636221 30083337 30083140 43298769 49153253 43298778 29004729 51251180 51251180 29004921 46249378 46250020 29004921 46250020 46250048 29004921 29004941 29004941 30083012 29004882 43298714 30083337 43299501 34636221 43298965 43298769 43298711 43298778 29004882 34636221 41845640 29004892 29004895 49158655

600







551


510
510


711
711
703
703




704
704
720
720


















510
510 500 510


704
704
720
720
510
510
10154





730
730


721
721

15941 15961 139222 1678 488 2599
721
721
510
510
730
730
731
731




223
223


731
731


740
740
511
511
740
740
511
511


750
750


631
631
707
707
742
742
750
750
800
800
751
751
751
751






800
800

800

800





750 800 750 800 121
710
710
801
801



630 700 630 700


802
802



110 120 121
801
801





000 1024 1024
751
750751 751 751 411 751


810
810





400
513
513
820
820
513
513
810
810
811
811

7670








820
820


514
514
820
820



820


712
712


