




2418 232 170 1220111524 1221 170 1220111524







1653







161160 151








160
450 0020 290 290 290 290 290
160
152 160





151





200 200

128 128



236 234 151 160 2011 333

645 897 146 8429438262380 160 2010







122 110 1065 323
150
150 150151

14321



32238 32238 32238 32238 275932014

140

443









141 142







30000 120 000 000



42631

160230 200











1479



32238 1197 11971197 150

























100







233

1014 1015

200 100 150





170 163 163 170











125 150

100 100

472

4013 1317 135

322 1068









32180 20110811101746 854 170

100 100 200 200
330


999



000

172



300











174 173

326

172 260 áäüößé 301000







216



473421



221 140 379158





403 403 403 28961 987 403 403

11790 10302 320


903
903











6513



493615

100 100 100













501 108201112291658 1801 996699 666699 1500 200 200 443889





1801 1801 1801







176



170





998






1801
175 1801 175

1801 175

623 860 960 1200 900

236

1801 181 175 1801 1814









100 100

1231



200 200

235

1801 175 1801 175 120 500 150

181 200



100 100 200 200

175 180 181





190 213 181 4885



000 999 999





1180















000 220 999 1801 181









200 20120302093154 182 182













66442

101



182 182

640 960 640 960











182



200 100














3924
392439

336699 250 336699 250 200

6700 100 100

190 20120209110134 182

000



8363 402 8363 435 435 200 20120328000206 182

200 20003281218327 5487

351 182





44100



1013 182



182

182

210 20120329000337 6210 2636 6210 567728 203

235 101

235



501






182






















8241

















182

8640 8715 8715 8947












170
160 170 170









585 7664





181





14973 14974 14976 14977 5438 6860 2824 14978 14979 11827 14980 14981 14982 14322 4517 11120 339 13311 13983





473 9203836 132993873



360





























202 4035

123 123

182




402
202 435 451

491 128 1024

182 9090 9090











201









1633







3749





























10422

300 212





601







214









300 20121211130203



10000







500 1000

300 310



182212 300





3120 302 310 301

214







5075







300 7674 7674 7674

212

212

213













300 233













311 20130514180723 311 20130513120107 311



310

310 1109 500









930







310



941 940999999 941 941 1010



1696

202





233





175 320



228 228







386407 300






300 302 300 302
310 300 302





311

300 1102

0800111999



2760 2782 8658 13520 386

14637

1872 13582 2646 9153 4730 13381 12604 10800 1280 7468 2527

12600 14701 9859 13105








311 312
312 311 312 311 312



211









234

0827095656778 3030 2632632



10763 12034 7053 8665



6845 2363 14242 6423

2209 2782 15305 3180 14963

5749 14899

2733 7816 2662 150 13974 3186 6666 7827 320 12372

11700

4510 5837

12661 9139 6423 386 386 13520 5010 2782 11603 559 23310 23310 9682 9930 14064 14170





100 100 100



116843021780929
159




12558

336699 200 400 200 400 200 400 200 400 200 400 200 400 200 400





313



215 215



14283









320 330



402 502 402 402 402



一些随机的中国文字 655

100 10000 500 500 1000 3108 1015 636 3108 31081 31082 31083 31084 31085 31086 31087 31088 31089 3108 31080 31081 31082 31083 31084 31085 31086 31087 31088 31089 310810 310811 310812 310813 310814 310893 310894 310895 310896 310897 310898 310899 3213100 3213 3213 3213 3213 75338510





313


512
840 512 840 840 840 840

320 180
302
302 200 1301302



320201311122225 320 320


1204




313

480

320 000001



















320 524283 313 017688 320 524290 524283 524290 313 17695 17688 17695




320 302
302 3958 21418 22913 13925 22617 55334 2079 302 153 302 193 20513 6919 57818 302 814 302 48621 302 18513 302 10813 302 11925 302 18717

320





1234567898

320 320

320











8127839 0127839 331 0127839 0127839





349













268 16353

000 1000

321 313 320321

12595421259713





















159

8914321 045 14321 045 713310 13321 234

322 321 320





500











14007







555 555 100 1000 100 150 100 100

101



0500800 300300 7562
330
215 323 323 214 330 2152 323 323 214 215





718



330 109 330 330 330 323 443 330 323


330
185 1113 7911 5769 1628 23513 55121 22713 13413 330 598 330 4159 330 51121 330 22713 330 11113 330 3224 330 1109









323

323

6403 1000 100 200 400
4452
4452 442 4452 442 4033 404 4452 4452 412 4452 3387365 15120689 002 002

410





314
109
109 108 330 109 109



175

330 330 330 20122014 442 185 330 27111 330 42410 330 47310 330 9016 330 122222 330 59669 330 19419 8507 55121 22713 330 598 330 31921 330 51121 330 22713 330 11113 330 3224 330 1109

330 330



434

330 330 330 330 1014 323 131 111

233

323 330 330 1093




444
442 444
185
185



















330

385

25405 636479782 000



323 330 330

929292

27883 4174 27883 27883 27883 27883 27883 6347 27883 871 27883 16472 27883 16472 27883 16472 27883 16472 27883 16472 27883 16472 27883 16472 27883 16472 27883 1481 27883 16472 27883 16472 27883 16472 27883 16472 27883 16472 27883 16472 27883 6760 27883 7681 27883 1322 27883 1305 27883 6065 27883 27883 288 27883 1358 27883 1402 27883 3198 27883 102 27883 136 27883 112 886 886 422 478 1034

330 330 320



858







323 330 323 330



323







330 2125 9292 80000

330



330 323 330 422442 1093 330
200 301302
301 302 330 200 323 302 330 301 323 330 125191987 302 301 200 323 110395968 301











330 323 330 323

330















100



330 1234567 5000 1234567 486 1478 683 310 330 330 323 321

330 330
330
301 302 330 200 323 302 330 301 323 330 125191987 302 301 200 323 110395968 301

2559 2559 141 704 340 160

330





330 330 330

330

330
330
330 330 323 320 330

400 400

80710 703

330 330







330










330
330



703 613











1064



750 13342 1334 7502 1242 22083 2208 12423 180 180120 12087



5275

17639 330 340
16460






330 330 330 20122014
568
568 330 568
511
511 330 330 340 340 20140908144913 20122014 180

511 511

330 340 685







323 330 323 330 323 330 330 330 323

330 340 340 340 20140909222515 330 340 201409092225153













330

340 340 20140911135715 340201409121841 150

330 330







340 20140912164913 340 340 20140912164913 340 20140913174915 340 340 20140913174915 330 330















340 340 20140915175720 330 340 20140915175720 340 340 20140915175720 340 20140915175720 330 340 201409151757203 340 20140915175720 340

330 330







3416 480 736 414 320 667 375 320 568 320
324
324 324 416 423 432





17662 2640 916

340201409161931 340 20140909222515

17718



323 200 888 025 500





340

340 20140916181713 160173 340 20140916181713 61021 340 20140916181713 24917 340 20140916181713 14913 340 20140916181713 16025 340 20140916181713 25121 340 20140916181713 61534 340 20140916181713 15782 340 20140916181713 61021 340 20140916181713 24917 6919 57818 340 20140916181713 2513 340 20140916181713 25417 340 20140916181713 15725 340 20140916181713 25121 340 20140916181713 61534 340 20140916181713 2187





667



1183778 187 119 151 1112 587 841 646200884 6109 232014

330 511
204
204

2014

123 400098
330
340 330 340 330













340 601 340
341 20141001062512
340 341 201410010625122

340 350




330
330 340 330 323 330

601 601 802 601 601 601

180 180





323 340




404
404 404 404 60000





101 404
8664
8664 8664





323









422









340 330

357 723 280 1059 347 137 4745 511 786 553

879

















215 216








340
340 330 330 340 330 340 340 6350 350 20141028174916 350 20141028174916 914 350 20141028174916 350 20141028174916 918 6342 342 20141028145714 342 20141028145714 914 342 20141028145714 342 20141028145714 918 6340 340 340 914 340 340 918 6330 330 330 914 330 330 918





832
01114
01114

340 703704

4810







350





5088 1023 123

340 340201409261227 81811

442 442

000













20141118105348814 6107913647576 222 272 20141118105348820 6107913647576









65536 65536 341 23600 26800 2952 4029



386 8664 110 386 8664 2013



330





340 341







604 18065 110 2013









350 351 341 1910 350 2100 1910 2100
811
812 810 811





341



341 350



18071 8664

18065 120 121
350
350 1010 311 112 206 101 101 101 1105



341









341

341 323 323



18065



341





350







350 350

341 350

330 360

24483264 075 24483264 075 366 718204 314 16094646 16094651 208 19362592 07469135802469136 16094651 208 19362592 07469135802469136 16103641 253 16103641 253

341 341

123



350



341
350
350 350 350 812 350 812 341 812 341





341


260
2013

666 123456789 456 666 123456789 456 666 1245 393





2013 811

10102 17179869184 01026 202 341 350 350 018 2736149 126 272759 000 063 53347 0016 001 581633 001786 628387 913243 358 11715 268 685 8348 00176 622499 06413 142 8549 8549 613 582 85440 588 8540 522 544 82415 196 13888 822 1296 27327 27327167 218 273257 772 272733 476 272731 106 136 882 1440 000 36635 350 018 2736149 272759 0630 0010 1786 9132430 117150 6850 176 064130 8549 8549 6130 85440 8540 82415 822 27327 570 273271670 273257 272733 272731 882 350







100


135250
135250





350

341 140 260

341 140 260

341

360 20150107091442

2011



340

233



18351 3031

3031 3031 18352

341

18359

341

18285





323

17923 18260 18260

350 7111 167

200 2000

200



350 341 341 350 350
341 350
350 386 341 191 350 341 341 191 350 191 191 350 193 350 340

341 350





1095 350 360 20150119054128350 7444 19800 1280 611 360 360 350 350 360










010 011 411
010 011
010
010







119735 4106 6690 8683 341

350 350 350 351

122 000000 350

256

350 351 360 360 360



360 351 350 360

350 0127133208269 20104 0127133208269 20104 201040127133208269 20104 0127133208269 20104 770127133208269 20104 44450127133208269 20104 1270127133208269 20104 880127133208269 20104 4150127133208269 20104 980127133208269 20104 1460127133208269 20104 56780127133208269 20104 0127133208269 20104 5150127133208269 20104 12910127133208269 20104 11070127133208269 20104



412 360





200 200







100315

350 350 341 341 350 350



360 201502030717432 351 360 20150203071743

6060
500


























350

16748 00000000000010008000000000000000
012
012 012 0122

000000
012
18538




010
010
010
010





400 201502121048202 350 611

400 20150211151855 400 20150205101324



18113










350
350 341 350

350 342 20141125154126





350




400
400







012 351






012 342
342 012 350 350 350 342
2412
2412 2412 2412



















18461















323 350 330 323 350 323 1000 2009 5000 5000 19844 350













3211 3231





















173


2100
2100 200901 220041 2015223 2100 543 2100

17971











































350 379 7825545559 8979678 18948899177 870924377 3412

521

100 100

2013

33852222 151210556 3387365 15120689











421 410 351 1040402048018 8226 351 031240008 030714 351 351 1040402048018 134

100



15998 15998 000000


500
500

10000 10000
501
501 501 351 1642015150001869 1642015150001884 1642015150001974 1642015150001975 1642015150002976 885 1642015150003976 1886 1642015150004979 2887 351 501 91613525136 1642015145616135 1642015145616177 4268418455975 9730 1642015145625134 1642015145625136 7020 1642015145626139 837 1642015145627139 1826 1642015145628134 2828 200 200

18337



0093






1000
1000





351 351













351

400
350 351
350 351 341 350 351 341 4420150504053038465 103 2199 730 703 2355 228 223 155

404 444



351 400 12147483648 12147483648 101101 444 502 400



18878 18879









18244

351
400 351
400 351 616 400 400 351





400 400





330 0000000 301 845 88591

1013 1013
221














176261



18774



351352 400













180 180









351 410
400
400 444 351


400


17754

223 511 224 511


401410
410 401







18979























































400 341









5000



71873 92145



100

0000 02022016 03022016 03022016 0000



248













410

410

410

410

410























2013















6432







410 20150624180823

410



400

410 20150629074136














410


410







410











18714







614 6444 6641 98747 9913 674693 499 520407 8919 568149 2522 47194































16356



81030136



2015













55769 124





1100













102



351







10104 17179869184 01038 1428 401 410 410







320





256 1024









19213
410
410 400 410


231
231 410 222










410
410 410





115 351 341









412 411201507141126 10104 646 410 351 410 351 351



512

















401
412
412 4201

114 100 114

000 000 000





410

410

501



420 410



410



400





410 410





410 351










012
01040 0127

420 20150729122818

420 20150805163626 420 201508071120242 420 20150805163626



410 411 20150807121809













412 502

2282 5371

350 411







18098 350 351 400 422

7525

233




414
420 20150817192819



2434 2015












470
















512
500 20150825082243
500 20150824091229 500 201508250822432

180 180 180 180 152 152 152 152 180 180















233



500 20150825004430
329
328 3293
500
500 500



250 10001





123 20150930141554 2015930141554430528 1446207300000

8664







500 20150831202903 500 20150829212027







351 400 410
2013
2013









500 500









400

180 180

















069










510


19401













12015







167 167 152 152 167 167 152 152 2048 2732 2732 2048
500
500

1000 1000

500
500
410 500 410 500

500

















123456 500

198
8000065





470
470





500

200 320 200

150 150 150 150 150 150 150 150







19487





811 00000000000010008000000000000000
2015
2015


244
244 2334 244 511600



332 100

341 500





2015 2013
500
500 410 410 410
502













2015
2015 2013

2015

2015 2015




2015
2015

351 352

20151007 112908 20151007 113106 410 501 503 20151002003129 510 442
510 2015100622295
510 2015100622295

510 20151006222951

18976 510

510







2015





















510 510

500 500 510 20151021132025 503





1851009574





19579



341 500









351







10111 17179869184 01038 1428 505 520 20151014151229 502 502 748







400 350 351



510



410 5210









503 503 380000 1445886520214











4685

8392429 2012 430257 84361 3311 48151

19750 2015 2013 2015



510 20151026164636

410 502
500
500 500 411 413 410 0127 10111







19798

19801 19801













811 100102400 512 100102400 512 811 100102400 512



351

503502

19757





502





510 20151026164636









811











8453


010 012
0100 2013010 2014 0120 2015 2015 010 012 012 2015













200 200




100
425520100
401
401

19837

19311































100 100



























477



477





433

















100 20002 20002 20002 20002



510



19940



502



510 510



510 510













511

























488











19455

510
60511
511 502
341
341





215 169254 2015

520 512 512

502 510511














260
260

100

















100

140
111
04437 111 111

511

100

512 100



1000 10001000

600 19522 600 320 600 313 600 313







20151221182350839 214461435686 700 116 700 546 24486 64384 314006 879 546 24486 64384 314006 879 11654
500
500



502



511











20173 20035



164 127 1190 532 255 491 16945 5516



535 532 60000

511







195

510 20087






404
404









502 511





20150
500
500
520 20160111111831
520 201601111118312


8110


100 100 22460601000

600

120 452

19899

20140 12147483648 216101 110 198 600 20160112093414 601 12147483648 601 422 422 12147483648 0112074855722 16101 0112074855988 216101 110


313






20160118 211942

1006 100



266



512



20197

100




500
500







0378

512 2900 442

231 234



231 231 046 4460 3370829 69488















540 16697

















20144


512
512







1045



100







386 8664



19577

19694

20397

18515

250 100 250

520

401 401 401



20417


540 600 540
600 540 600 540

512 512 511



19694









512 405 520 20160219124528 520 20160219124528 500

100


502
502 501

17998

512520 200 1000 1000 138
520
520 6615466154 452 273 336 382 290 1155 148 118 186 438 4166195




530
19694 3000 20497

19580 520





19691 520



19679

520 520



520




520
520 512 520 520 512
520
520 512 520 520















601 13127



042648 458 1675













500 100 100


352401
351 400

450


2509
2509 511 600 2441 511 86600

1028





540 20160309142224



630 404 512



2048 4096

100



100



520

520







10000 127001000000154 5718770000000000000000 930 1045





520

520



520
540










520 0127 2113 423 520 506 540 20160307212310

100

520





168 512 512





520





540



200 2048

521 510

1355 1355 20160331211516508 783082391163 000000000000015 000000000000015 000000010 141 000000010 000000010 205 000000010 970 000000010 0120 00000001073 119 00000001051 110 00000001051 122 00000001050 062 482 00000001070 766 00000001070 0000000107080 2996 00000001070 5686 000000010709 344 224 0000000107009980 703 0000000109 146 00000001099 708 366 00000001099 00000001099 277 0000000109 19086 486 0000000109 197 000000010 000000010 391 000000010 1147 000000010 488 000000010 161 0000000106 171 0000000105053 310 000000010 592 20160331211516528 783082391163 000000000000015 000000010 165 000000010 000000010 205 000000010 970 000000010 0120 00000001073 119 00000001051 110 00000001051 122 00000001050 062 482 00000001070 766 00000001070 0000000107080 2996 00000001070 5686 000000010709 344 224 0000000107009980 703 0000000109 146 00000001099 708 366 00000001099 00000001099 277 0000000109 19086 486 0000000109 197 000000010 000000010 391 000000010 1147 000000010 488 000000010 161 0000000106 171 0000000105053 310 000000010 592 000000000000015 000000000000015







700 800

70607060 52120160318225123 1000 952 1474 15518 398 278 15518 398 278 15518 398 278 15518 4825 310 124 15518 4825 393 15518 4825 310 15518 847 588 15518 4825 310 2176 15518 1874 1089 1265 4351 749 562 532 735 725 137 5041 511 793 560



521



14248 5873696 719 080 078 994909390 14248 5873696 719 080 078 994909390 14248 5873696 719 080 078 994909390 16078

521 521









520 721 520

540 600


100
100 23148 100



18995



0000 0000





20598



100

60786078 23887884 8219096 23887884 8219096 609 348 300 947 918 1141 356 148 118



2400 100000



522 1723 2300



520 19694 20160405 164840

522

522 811

1000 1000 1002 100









330 600



512 656 77140 0404790 656 77140 0404790 6513 230 5788266 28065 926 40210 656 77140 0404790 2270187 8668 030 307 6284 219333 752 99382 20160412113622









1004



18952

522

100 520 521 530





112



522 600 20160107190008









1520















2013 2013 2013 2015 2015 2015 2013 2015



2015 2015 2013 2013 2015 2015 2015 2013 2015 540 20160419 20160406
540
540 20160406 20160419 20160420 095633289 20160420 095633291 20160420 095633291 32540 20160419234222 485120 32540 20160419234222 45634 32540 20160419234222 45233 32540 20160419234222 44830 32540 20160419234222 5216 32540 20160419234222 23630 32540 20160419234222 20922 8219 64918 522 2673 522 69713 522 5216 522 27232 522 4416 522 69417 522 17337 8219 64918 522 2556 522 68913 522 26513 522 2849 522 6889 522 7109 522 2238

2015 2015 540 20160406002717 540 20160419234222 2013 00001181 100

250

109











19946 3000 6000

300 200

315315 315315
500511520
400











540 20160426000033

540 20160426000033

540 20160426000033
522 530


3821 3839 1400 162 1403 102 135 5431 372 914 707 1477 6235 1141 380810 522
521 522 512
512 521 522 512 512 100 100




520
520 4110 2242 2248 2244



601 640 0127 2113 522 521 18073 505 522 450





540 20160426000033






















100


100 100









000000000000000000















200 200 200 2001 2002 200 20279





512 512 0127 2113 540 20160404231726522 520

23382 100 100



23382
31661






530 20160516040258 530



20160516 185113488 20160513 2132502280000











5316 37325 41610 34332 30012 35317 1217 540 20160517164706 8614 540 20160517164706 71813 540 20160517164706 23313 598 9614 94513 91325 38317 2009 86119 88817 1138 9734 745 802 40926 41610

530 20160415121959

20483









11003









522









23438 4036



20258 20258

19479










600
106 600 180 600





2467

23374

158 159 123 400



23475



23230











522 530





8664 8664 8664



















411 20160311104258









600 600





8490















101 101





600







100 530



4466











600 26062016











600 600

100











511






600
521 600

231300 600

231300 600

231300 600

231300 600

231300 600

231300 600

231300 600

231300 600

231300 600

231300 600

231300 600

231300 600

231300 600

231300 600

231300 600

231300 600

231300 600

231300 600

231300 600

231300 600







100









100



100









600

630 100





19479

19479 23389

530 1001





1692548080







540 540 20160712013704

1233





23679 23679

23664



531 540 20160720201924

1020





100











531 205081 14892 205081 14892 14892



23141

600









921 120 540 601



540 600 540 600



1035093509 14077410 7410 799260 00000000 14077410 7410 799260 00000000 448 544 316 159 1200 1207 841 14077410 7410 799260 00000000 405

540 20160802165655 530 540 20160802165655

2377 9407 8466 925556 765 790 715 024664 260 17473595 46671133 765 790 715 024664 260 17473595 46671133 1242

540 20160802165655

23687

540 20160802165655 540 20160802165655 530





20350

530


1000










10014393 10014393 630 978

100 100102400100105860 100105860

23758 100105860 100102400
10010586 10014393
10014393 10010586 10014393 10100102400 10014393 10014393 10010586









23678


600 200 200
600 2004 200 600 20160810073036

2148734208



23760







100








600 20160817065403
540 600 600

23762 2148734208



23799

30462 1588817877 30462 96818845 1080 189



003 522 540

100 1105 1625 275

10640







540 550 600 811 540 8113 540 811 19811


240
240 240



23156 23832

19926






540


731 550



20160901063519000 1235822821338 79191700 851 160 065 172 0434 1052 014 00061 158 00070839 489 0042 108 005 110 005 358 004 003 154 003 084 003 566 166 115 110 1213 255 086 2208 395 123 08241 177 082419 025480 148 000462 408 96799 250 000000010 20160901063727651 1271522825481 79191700 85212 194 065 172 0434 1052 014 00061 158 00070839 489 0042 108 005 110 005 358 004 003 154 003 084 003 566 166 115 110 1213 255 086 2208 395 123 08241 177 082419 025480 148 000462 408 96799 250 000000010 79191700 79191700
600 550 600
600 2002 550 126 1003 550 126 600





161 40113 726283 540 20142016 20160905 114137405 20160905 114137406 20160905 114137630 20160905 114137635 20160905 114143454 200 20160905 114143464 147368049403420160905 114143464 147368049403420160905 114143466 1473680494034 20160905 114143466 20160905 114143469 3518 16184 800 443 7298 2016063652 443 20160905 114143469 147426701200020160905 114143470 20160905 114143471 1014817121 3518 16184 800 100000328 147368049403420160905 114143472 20160905 114143525 540 540 360 360 360 20160905 114143526 540 20160905 114143844 313 540 20160905 114143845 540 20160905 114143847 540 20160905 114143850 540 20160905 114143868 20160905 114143869 20160905 114143870 20160905 114143876 20160905 114143878 20160905 114143878 20160905 114147444 200 20160905 114147444 147368049826620160905 114147444 147368049826620160905 114147445 1473680498266 20160905 114147446 20160905 114147448 147306241678695201644149 10116 17179869184 600 386 509 550 20160904203801 550 20160904203801 540 726283 0000 1473075707446 360 726283 726283 808 201 565 276291 100 726283 115 115 520 520 126 126 341 341 2310 2310 100 100 3211 3211 115 115 200 200 520 520 126 126 200 200 271 271 105 105 122 122 126 126 115 115 3211 3211 360 360 550 20160904203801 100 565 276291 100 360 540 360 191 360 360 540 540 360 360 360 052595 052595 0000 425 3425 692187 11790949 360 360 360 360 360 360 360 360 360 360 360 360 360 360 360 360 242 360 242 360 2752 360 2752 360 292 360 292 360 293 360 293 360 402 360 402 360 442 360 442 360 862 360 862 360 982 360 982 360 360 360 360 360 360 360 360 360 360 360 360 360 360 360 360 360 360 360 360 360 360 360 402 120 120 360 403 120 120 360 602 180 180 360 603 360 152 152 360 762 167 167 360 8352 360 320 320 360 374 374 360 621 621 360 384 384 360 1024 1024 360 360 360 360 360 360 568 360 568 360 568 360 667 360 667 360 667 360 736 360 736 360 736 360 360 360 360 360 360 360 736 360 736 360 736 360 360 360 360 360 360 360 360 360 360 360 360 360 360 360 360 360 360 360 360 360 360 360 360 360 360 360 360 360 360 360 360 360 360 360 360 360 360 360 360 360 360 360 360 360 360 360 360 3211 360 360 360 360 360 360 360 360 360 001 862 565 276291 100 726283 726283 565 276291 726283 565 276291 161

600 2310 600 600









540

23575 540 600 20160906221416







140 140254201 100 377

23557



232







520 530 520 550






100
07454 1807 48507 92248 915884 7809 16096 100





512 540 19910
525 550
23890 550 550 500
550

5749271
700





200127 600

23812 600 200

100

308 308 308 215 145 159 244 166 144 672 574 311 277 245 106

100



352 2560 1504 2560 1504 1600 2464 1600 2464 2560 1504



550 550

511 550 251

550

23616
540
530 540 540

100 360 100 360 229 100 100

550 0127 2113 424 522 506 0231 550

350 0127133208269 20104 0127133208269 20104 201040127133208269 20104 0127133208269 20104 770127133208269 20104 44450127133208269 20104 1270127133208269 20104 880127133208269 20104 4150127133208269 20104 980127133208269 20104 1460127133208269 20104 56780127133208269 20104 0127133208269 20104 5150127133208269 20104 12910127133208269 20104 11070127133208269 20104



550 522 522

531























600







4186






82442932
8244293 82442932

348 25448619



551




600




551





522 551 540 000000 000000





23382





200



011

551600 20161005072811 5010 601





200 23971





82442932

12345

23911 128 200



50000 27017 27017


550
551 522 550 551

551 550 540





444

531 540 551 531
600
600
600 20161019091022


23572


600
600

540 531







23758 1001





812





511 10113 4294967296 460 2159 509 551 321 551 442 511







600 20161028094725 700




610
610 551









100







551







551








102
102 600 610

551










9683000 9452000 301
300

23925

600 20161101155110 10116

000 100 100 100 100 100 100 000

23908 23897





610

16512






610
610 20161118021723 600




610
610610 20161121162514 600 448 224

29172917 3938 3788 3760 610 449 214 240 373 274 298 746 135 5343 372 905 700

600 600



20161125 101412 20161125 101602



144 192




2017
2017 150





500




600
24011 16078
600
600 17812
600
600 600 1000

600 550 600 600 550 550



4588

600





500




600 601
600



600 600

551 600

600



412 200 768 422 768 600 200400 431 600 400 442 400 200 768 501 400 200 200 768 200 10000000 100 10241024 20161220 093655012 20161220 093655013 20161220 093655236 20161220 093655240 20161220 093656102 200 20161220 093656130 148283141464520161220 093656130 148283141464520161220 093656133 1482831414645 20161220 093656134 20161220 093656135 443 2017074516 443 20161220 093656137 148342951600020161220 093656137 20161220 093656139 10006 100008383 148283141464520161220 093656140 20161220 093656181 610 610 20161220 093656182 610 20161220 093656407 224 610 20161220 093656407 610 20161220 093656408 610 20161220 093656410 610 20161220 093656413 20161220 093656414 20161220 093656414 20161220 093656415 20161220 093656416 20161220 093656418 20161220 093657077 200 20161220 093657078 148283141563520161220 093657078 148283141563520161220 093657080 1482831415635 20161220 093657080 20161220 093657105 148222510775820161220 093657128 10020161220103700 10014393 34270777344 450 2159 5011 600 32600 610 600 60573 1482226617081 32600 32600 32600 32600 32600 32600 32600 32600 32600 2303 116112058841 1161120588462 116112058841 180111 1024 32600 32600 32600 32600 32600 111 32600 32600 32600 32600 32600 32600 32600 32600 240 32600 32600 32600 32600 32600 32600 72301 32600 32600 32600 32600 180111 1024 2303 32600 32600 32600 32600 32600 32600 111 32600 32600 32600 32600 32600 32600 32600 32600 240 32600 32600 32600 32600 32600 32600 72301 32600 32600 32600 180111 2303 889

2468



600 551 10000
600
551 600 600 551 551 600





610 20161222061413



601 23925 610





752







100 100





610 20170110083813 610 201701100838132 610 201701100838138








610
610 20170103224205610 20170111010012610 20170112013001 610 20161222061413

600

2001 112 112 120

23891











480201611121409 601 610 512

601 610



600 610 620

600



100 100143930 10010586107 10000 10000



1000 100 300 000 100 100 000 000 200
213
213 213 213 133 480







23453



24253





24222 24222







400 400







103 103







601

610 601 512















100

100143930 512






2340


100 100 200 200 1000



18565





24282

24282 24331



551







24444

600

602 610 20170312111734 300

610 610 20170313171259 601 10010586 119 472 21511 5011 0239 32601 76510 8713 1727 85416 2225



336699 250













18565 18565

000





10741074 11075 3032 11076 01076 303















20170406 20170406102457 601

603
20172640303
2017 22017


603
603 601



100 200



603 6396510 1252 6447046899111 81411 54643 18275894 603 6396510 1252 6447046899111 81411 54643 18275894 603 6396510 1252 6447046899111 81411 54643 18275894





24243 602 603610 24243

610 20170315131319

1011

2013 120 140 12000 120305010



100 4000


039
039
610 20170426072049
610 610 20170426072049 610 201704260720497 610 20170421082637







24093

100 1020

24648 15000





400 341
















2017
2017 2017 2017

444


2531
2531





20170510 181957879 620 20170510 181958269 390 620 20170510 181958269 620 20170510 181958269 620 20170510 181958269 620 20170510 181958269 20170510 181958269 20170510 181958269 20170510 181958269 20170510 181958285 20170510 181958285 20170510 181958519 149504520673720170510 181958519 1495045206737 20170510 181958519 20170510 181958519 149440294471120170510 181958597 10020170510 182000214 20170510 182000214 20170510 182000214 27426 3629 32604 6111 32604 1545 32604 71813 32604 23313 32604 7179 32604 7319 32604 1519 32604 21011 32604 493 4209 34913
700


200 888 6702 181 181


604
604 233 604 603 604 603

113021302 470 135 1113 588 818

604 620 511

100 100 100

24703 100




610
610 603 610 604 610



858

600 24335

600 24335

24446 444 24438

600 24335



610 24446

23567

610 24654

711 163 610









500 200 500 3100 0771 200 1335 300 1991 400 2551 500 3232





610 92652215221 926 610201705261524 465 406 818 0515272 610201705261524 1958 1949 503 1600 553 284 16778

604







2017







200 200 100 100 150 150

24277 100 100 100 100





610 386 351 610















500























200 200 100 100 150 150

24277 100 100 100 100

604 610

604 610

611 20170615113917 712 0001 610 604



1101 211 319 211 19816 211 18120 211 31921 211 32629 211 4416 211 2155 211 9916 211 4310 610 4310 12315



200








833 1031
833











24786



611 20170620103414 0001 611 20170620103414 604











540 610 540 610 610

24838



047 212 112 0124 212 009 0211 2160 0241 2790 530 015 083 112





24760

140 140

19519 3375 710720 100


2017
2017 2017 150 2017

31000
2017
24923


611
5069 611

2017 140250230 2017 2015



620 20170531081104





212213

24683

928
100150630
100150630 100150630

1083

800



611 604






2600
2600





17964

700 800















540 23275 700

263
100150630 2015
10015063 24908 10015063

301

612 20170727160839






700 857






24328



612

821

600 610 603 612











611 612 5118
2015
2017 142015 2017 142015 2017



016 00001










23305
23305











610 612 2502







12932 8182 12932 762



612 100 386 386









612

211

620 100
620
620 612 3737 620201708281804 210 283320 1321 1322 26348 3601 9797 33548 853 435 2712 011017 031090004 668204 309 921 1144 363 154 6290 886 776 39484045 04045 9213 04045 04045 241 2828067 09555000 05455545



700

620 612 612 620 620




910



620
200 620620 20170901083635 32620 20170901083635 27915 32620 20170901083635 603 8713 1727 85416 2225 612

24829 3040 830 900 2015















712 601 612





612






404
404










401
401 401 401 13344 2000





23885









24855



620





620

620 612







220
620
620 611 612 612 620



620 833 103





612 20170916145832843 620 20170916145536776







3045115













621 110





620 23436 23436

622



24041







25019

25019
220


630 700

620 621 622 612 212121 757575 808080

100 250









320

398402 56222 1766 205007 1783937 751200 2294 100092 410 111 1050002042016 8226 111 031250300 021115 111 110 111 105000204201662 831 442 027 303 649 7923 4433 072 0672 728 5147151471 622201709191601 104 174 135 5343 372 905 700 15484

23925



100 100

612 630 20170929040536
622
622 639600 6323945472 460 2159 5014 622 624 622 611 622

20470



622

97170 450 960 082145 2193414 920 698 97170 450 960 082145 2193414 920 698 97170 450 960 082145 2193414 920 698 97170 450 960 082145 2193414 920 698 97170 450 960 082145 2193414 920 698 97170 450 960 082145 2193414 920 698

604 604622

510 610 623 512 510 1726 623 624

103



213 25393

700

700







220 000 100 100 100 100 202 202 100 100 100 01024 100









100





500 500 500 500

100

622 612









622

1101005636663 22347 1101005636663 22347 42441101005636663 22347 42621101005636663 22347 1101005636663 22347 15511101005636663 22347 1021101005636663 22347 1541101005636663 22347 61651101005636663 22347 1101005636663 22347 8881101005636663 22347 7781101005636663 22347 1101005636663 22347 5801101005636663 22347 1751101005636663 22347 12221101005636663 22347 5161101005636663 22347 5071101005636663 22347 4851101005636663 22347 1471101005636663 22347 8601101005636663 22347 981101005636663 22347 3941101005636663 22347 3791101005636663 22347 2571101005636663 22347 2911101005636663 22347 1911101005636663 22347 8001101005636663 22347 2061101005636663 22347 15911101005636663 22347 321101005636663 22347 68891101005636663 22347 11751101005636663 22347 42311101005636663 223479



604 622
622
621 622 621 622


404
404



180 180

630
622
622 1013 8589934592 6103 31010 5014 630 622 611 622 611



3387365 15120689
630
630 622

1103 630 20100





630 630 4100201709271713 630





622 5349 622 630 622 630

1278
630
630 620 622 630

605

100 008800 100 100





4100
630
630 630

630 622 612





622 622 700 622 621

300300

740



630

100 100 200 200











23496



25582



6302 41003 4464 50145 9016 110









700 700

120714514226784828482 8482 120714514232285798579 1207145142322745745 8482120714514232385798579 8482 8482120714514232385798579 120714514232485798579 800 61706230124283428 120714514232485798579 0120714514232485798579 64120714514232485798579 8482 8482 120714514232485798579 898120714514232485798579 00000000000000001 10000000000000000 20000000000000000 3000000000000000 120714514232485798579 4000000000000007 5000000788 6000000000000000 7000000000000000 120714514232485798579 80000000000000000 90000000000000001 100000000000004001 110000000000000000120714514232485798579 1200000078 9319 130 38353136373532 1400000078 931 150000000000000000120714514232485798579 1600000078 1700000078 18000000001300 780 1900000078 58000120714514232485798579 2000000078 951658 2100000078 2200000078 2300000078 7022 8120714514232485798579 2400000000000000 250000000000000003 2600000078 7022 2700000078 7022 0120714514232485798579 280000007 290000007 3000000078 8120714514232485798579 0000007 48960 00000078 898 0000000080000000120714514233485798579 120714514233485798579 120714514233485798579 0000000000 56898 20120714514233485798579 0000000000 232120714514233485798579 00000000009 224120714514233585798579 00000000004580 36120714514233585798579 0000000000458274 116120714514233585798579 0000000000461318 640120714514233585798579 00000000004614 1032120714514233585798579 00000000004618 164120714514233585798579 000000000045 320 680120714514233585798579 000000000045 820 1612120714514233585798579 000000000072 188120714514233585798579 000000000077 224 120714514233585798579 000000000077 154 120714514233585798579 000000000077 28120714514233585798579 00000000000000 0000007891 840001207145142968745745 071207145142972909976 12071451429729098580 1207145142979909954 012071451429929091157 40254 912071451429929091157 40254 12071451429929091157 912071451429929091157 12071451429939093696 8482 12071451429959091579 12071451429959091579 12071451429979093698 40254

320



630 700

200

25017





25501 700 500 601

622 630 5301 25332

















700 701 700 701

415


700
630 700 630 700 630 700 701

25465 25639







83392 621 20180104175247391 5374514054966 0000 20180104175247390 20180104175247886 5374514054966 8594246


700
700




701
8664 610

4337





1024 1024



2020







701 701 2016

701 701 701 10016299 6338011136 891 551 5014 701 1001





692901692901 0692901 6911 0692901 0692901

100 150

700



100 400





10368 710 25668

23853 20180126 12928


702
702 20180123170142 702 20180125101244 702 20180123083830 14925600 8294400



25656

701 10132 891 551 4211 701 5014 0241 701 111

701 10132 891 551 4211 701 5014 0241 701 111 9192

710



25616 25017

700

701 702


630
630 622





30000



100 100 100 100 150 1000 150 100500
702
702 702



9366 100 100

23332










700



702
702 20180220 113000 1519104600000 702 1519126200000 630 20180220 113000 702 6302







702



630 630 735

702 127001


702
702

444

444













702
140
140 140



710

70271
700
700 350 924




710
702 710 710 120

630










2711
2711

750



25852

710 24610



2700
112








620 612

7731 6732 6591 6580 800 5410 659220 6580 805 905 712 659220 339 8664 8664 8664 386

235 18193

608000072 608000072 608000074140



031908434885527642764 61875 031908434885527642764 01875 031908434885527642764 031908434885527642764 4031908434885527642764 0031908434885527642764 0031908434885527642764 184031908434885527642764 80031908434885527642764 61031908434885527642764 219031908434885527642764 031908434885527642764 137031908434885527642764 031908434885527642764 187031908434885527642764 325031908434885527642764 102031908434885527642764 164031908434885527642764 6494031908434885527642764 031908434885527642764 438031908434885527642764 807031908434885527642764 15031908434885527642764 702







900



4973









303 720
710
710 622 710






904

910
910 910 710 703 910 710 710 910 710 910 703 910 710 910

710 622

201811 201811



198 180 198

2015 103 2018

1000100010002500

735













710 701 702



1013 8589934592 891 551 5014 710















456456



710 622 710 622







710 1920 1400 2736 1824200 1368 912









551




2017
25716 2017




310 420
2145 2416 2345 2417
711
711



710



336699 250













10016299 17091956736 891 551 510 710




711
711 703 711

25306






730
711 730 730 20180518082133

401 100 92018 6603359158 811 700 800 700 10016299 17091956736 891 551 510 711

2000



80000000 2620



720



2018





1559 4941 9285 15253 24427 24747 25776 23735277



102

703





10200000 25867







711

409





730 730

1000 1031

611 730







640 480 640 480 960 540 960 540 1280 720 1280 720 06101020454063075430754 06101020454063075430754 06101020454063075430754 06101020454063075430754 640 480 06101020454063075430754 960 540 06101020454063075430754 1280 720





600

100 120 100


710
710 1104 1104 1104 1104



710 26123




15063










160 4170 803

26072 730 20180618182516 730 20180618182516


720 711
720 711 711 720 720







720 702




730
730 720 730










740


















321 3240 320 200 200 170

819

300 112
502
502

100 2550
2490 00520
740





729 263 421 413 682

720

129 704 720 711 129

521



12700151388


730




89903

720

730

26225 26202 26225 26202

610

620 137





2000 300 100 300 100 300 100 300 100 300 100 300 100 300 100 300 100 300 100




730
730





551
060
060 2120 730 20180809095942













120













26109 730 40906817







471478


7027642
800 869 800
730


120 1141

730













25235





25269

710 720740 910

750 20180920040518 750 20180919143608 750 20180919120117
700
700 700






740 26109
2018927224821 10136 8589934592 921 551 511 740 740 921 706 740 120 3224 583157 49199 109 0000 1538081291744 120

700







26246








120 740
554275 37337 844367 120 747





100





26883 17922









26427 26461



706 10136 891 741













26507

26507


750
750



401 049924993 63102 63102 63102 63102 63102 63102 08385831 10017134 17091956736 891 551 511 741















741

741









301 302 200

600 800

5993 26513 6013 6015



25684

25650

25650

600 800



















8664 8664

109





1746



800 20181121114345

750 25864
750
750


750
741 750 100 741





800





800







10155

10017134 17091956736 891 551 511 750











25953











26649







600 600

800 19812 600



800 512

1000 123 24629 16066

678
400 750 751
4002
401
26727













750
750
750 742 742 750 800 800 26075 04000000 750 742

741 750





127001


800
800
















800
800 800 800 26095 751







750




800
800 800

750 92018

750
750
750
603
603





603










800
800
1612
1612
800
800 800

800 800
800


709 1014 8589934592 891 551 511 751 750 121114
402
402 26888

256 256


800
751 800 7010 1014 8589934592 891 551 511 800 751 751 800 800 751 800 800

2018 5688

228 1000000 1000 1000 64750 322500


800
800



26472
7349226
7349226



810 801 630 810 201903280751042 630





800

800





43283 485 394 124 375 358 252 102 193 6718 493 858 6116711 1210 394 102 193 6669 493 858 346745 705 798 356 329 233 171 193 817 167 139 264 540 362 1225 394 102 193 6669 493 858 800 3790 511 346 329 231 146 763 001 194 753 1304 1589 7395 1306 4443 4476 145 1808 106 193 6669 493 858



800 103 122



2014 189139013 92718 14077410 7410 733 740 00000000 92718 14077410 7410 733 740 00000000 448 1319 841 92718 14077410 7410 733 740 00000000 405





800

220 2102 312 3103 310 1114 106 105



26917
1613
1613
800
800 800 801 751 800 801
800
800 800 801



752 7010 10144 8589934592 891 551 511 800 800

200 200 100 200 200






801
801 801 20190423123234 801 20190426162041 801 20190423123234 801 20190426162041

27053







022
810

800

810
810
801
801


810
810
801
801 25678
512
512 512
802
802 518 346 329 236 146 765 001 195 978 1207 266 102 193 6694 493 858


800
800 800 212121









27043 810 2019 2019 820 235253 820 271116 820 388024 820 10699 820 11175 820 38795 820 39625 820 568 820 270716

1500


810
27043 27045



27111

102








801
800 801 801
800
751 800
403
403
802
802 802 122122 222 155 241 448 430 752 7144 7135 1271 2894 3049 108 1809 106 193 6680 493 858 114114 262 162 150 241 448 430 752 7144 7135 1271 2894 3049 108 1809 106 193 6680 493 858

700 19040



1561643019762

741 800 741 801




751
800 995

27203

110 110

9498 1623357334496 114 949825 971910 964213 971610 426 300 802





700 560 320 200
1021
1021 1021 130

27250 10130 1020 102 2020
810
810 810 16371 313 578 726 6975 000000 4938 4938 4938 000000



1012 1012









810 26793
8664 386
802 7012 891 512201903111843 102 751 622 891 102





379




801
801 802 800 801 802







800 08000000 800 800



520 1020







27300





802 802 802

802 702

802 702







802 810





26770



100









89634 428688397 035700 130

810 800









300

752 810 810 802 752 810



27330 123 123 123

304 810 800 800

20190828161045042 369452593098 9928797 858 393 20190828161045085 369452593092 9928797 858 393 20190828161045387 369452593095 345 4235945 203 67926 49846 914 345 4235945 203 67926 49846 914 671

710 10145 8589934592 891 551 521 810 124 933 1033

90809



1809



802 811 20190907200524




404
404





666 1921680178324 09648 5414 063 6087 9131 142 3756 8287256 66624 68235 71830 58625 42445 76315 7683 77170 1167710 1160313 1167410 600001 11677 09648 5414 063 6087 9131 142 3756 8287256 1167710 1160313 1167410 600001 87400

102

820



3387365 15120689 3387365 15120689

820 810


103
124 103 821 20191001063013
750
750 750
820
802 820 32017 20191010155604 20191010155205

123 20191010 112128 20191010 112124

4196 3363 4096 4096 4196 3363 4096 4096 4096 4096 601 802 820 601

810 820





900


820
1313
8664
8664 8664



820

23372 0910 174437 50781 590 154130 5746 620

820 820



820 111213 820

2050 2050

200 200 137661138015 1797



121 820 821
811
3000 5000


1013
12312019 1013







23496

170

610




702 821
702 821 821 100162990 100143930







830 900







19300 900 900

900 1830 19300



7931732

830 830 810 712 1243
830
830 820



20191228 2020 27719



900
900
900







900 900 900

2020 900



820

900 8664

900 8664

900 8664

900 8664

900 8664

900 8664

900 8664

900 8664
900
900

5537938


900 1000
900 900 1000
831
720 831 831 900 20181031080737 900 2020 900

433


8664
8664 700 900 8664 8664 900 8664 8664 900 8664 8464 8664 900

831 133


900
900



831
810
830 831 900
900
900

900 9204 900



2106113669

900 342
900
900 27780 900 900 541 2020

27778









27719



600001 12380

360 1925345600 2015948944 2005594570 2015948944 27776


















900
900
900
900 27780 901 901 900 630 362 901 900 27781
901
901 901















902 20200505111803 910 20200505112143

100

100

100

200


810
810 810 27043

90002



910



362 400 400



2015948944 2126472646
900
902

333 350 2020



903







1314

9981 1010100 1010100 33333


201 900902
201 900 901 902 903 710 903 503 1711 903 201 903 200 200

99911


140










700

200 200





33120815







900 903 903 9009023

140


134
134
