

2625














32238 32238 32238 32238 32238 32238 32238 32238 32238 32238 32238 32238 32238 32238 32238 32238 32238 32238 32238 32238 32238 32238 32238 32238 32238 32238 32238 32238 32238 32238 32238 32238 32238 32238 32238 32238 32238 32238 32238 32238 32238 32238 32238 32238 32238 32238 32238 32238 32238 32238 32238 32238 32238 32238 32238 32238 32238 32238 32238 32238 32238 32238 32238 32238 32238 32238 312 6648325584 79701 20550 081 544 081 359 081 667 1138

161 1091 161 1012 161 122





321







9550

















16320110418
1104












426


8601
1001306280624 10020110524234344






104
104









107 1068 1004 104201108101535



231 854 800 160

860 960 1200 900

160







































123 123 3103 3107







1020307

1068



234 101










107 107 180
107 107 107 180

180 18012 1801 175 1801







1004











6549

1820











952












107
107











108201201101928

1082







1082012011319072





1000



1071





1001326828513 181 20120123161633







1091

697

181 20120123161633















1801 1903 190





2020120125204157730 3031325798464 253 206 2020120125204157730 3031325798464 264 206 2020120125204157730 3031325798464 350 206













123





























181



























181 181









1218























000 999 999





326











4251 4250 42501 4252



202


200
200 200 200









5251 510509











115







102 220 232323 1500 4000 000



7652 201





200 20120312104735

200 20120312104735

200 20120312104735

















200201203121914







4178

1295

200201203121914 1004 1068



180 180 22402

182
182
182 182 182

182

8025

3553





200201203152033 75629 545 840

3664



6000 5254 674 769 6831 1567 4368 67846 585 640 32884 5254 674 769 2001327441212 002332 110 1073 386 2001 540 10013 652 4248603 370 20120319 1021340700 5254 674 769 1567 4368 67846 585 640 32884 5254 674 769 2001327441212 002332 110 1073 386 2001 540 10013 923830 7931 787 20120319 1021340700 5254 674 769 1567 4368 67846 585 640 32884 5254 674 769 2001327441212 002332 110 1073 386 2001 540 10013 08597 563156711 20120319 1021340700 5254 674 769 1567 4368 67846 585 640 32884 5254 674 769 2001327441212 002332 110 1073 386 2001 540 10013 3437483 063011 2551211 20120319 1021340700 5254 674 769 1567 4368 67846 585 640 32884 5254 674 769 2001327441212 002332 110 1073 386 2001 540 10013 126108561 3025 84694 20120319 1021340700 5254 674 769 1567 4368 67846 585 640 32884 5254 674 769 2001327441212 002332 110 1073 386 2001 540 10013 937 090 71047 20120319 1021340700 5254 674 769 1567 4368 67846 585 640 32884 5254 674 769 2001327441212 002332 110 1073 386 2001 540 10013 1160 315 20120319 1021340700 5254 674 769 1567 4368 67846 585 640 32884 5254 674 769 2001327441212 002332 110 1073 386 2001 540 10013 117 677 340 5580 20120319 1021340700 5254 674 769 1567 4368 67846 585 640 32884 5254 674 769 2001327441212 002332 110 1073 386 2001 540 10013 542 265 060 20120319 1021340700 5254 674 769 1567 4368 67846 585 640 32884 5254 674 769 2001327441212 002332 110 1073 386 2001 540 10013 606780 946 20120319 1021340700 5254 674 769 1567 4368 67846 585 640 32884 5254 674 769 2001327441212 002332 110 1073 386 2001 540 10013 0195217 343 584 20120319 1021340700 5254 674 769 1567 4368 67846 585 640 32884 5254 674 769 2001327441212 002332 110 1073 386 2001 540 10013 218 494 20120319 1021340700 5254 674 769 1567 4368 67846 585 640 32884 5254 674 769 2001327441212 002332 110 1073 386 2001 540 10013 02334 20120319 1021340700 5254 674 769 1567 4368 67846 585 640 32884 5254 674 769 2001327441212 002332 110 1073 386 2001 540 10013 84689877 70914595 20120319 1021340700 5254 674 769

















200 20120320000301 200 20120320000301 200 20120320000301









200 20120320000301



1801 1801 1801 1820







1350

234

































324 327





1456 4798 4799











200 109











367 471 400 302 148 728


200






220

4020120405111439664 3001332346356



1506



1073

200 109



1073



1442 1378

















201

200

1539



201 182 201

202201204171552 201201204132053 201

1381

201

4020120419153603866 3031334796284 697 623 498 439 447 295 246 185 115 111 193 135 4020120419153603870 3001332346421



1268 1268 1268 913

913









201

201
1110
1110 1004

100 201 20120410131722 228 201 20120410131722 228 452 384 241 201 20120410131722 228 636 662 487 288 597 106 348 357 385 1337 1306 1189 662 495 597 378

8662

1597 1597































1072 201 202

701











201





2916

201 201



201







112986 764 122 12012 513 473 9203836 132993873













201

201

1193 201 2125 201 1867 201 301 201 170 201 250 201 209 671 477 1311 200220032004 330 021111307 1999



201 200 109

1579 121

109







1204





















201

1666

201 1073 1110

201 143

109





1204

1529



1801 1801 201 820



202 210

201 20120407201726


202








5302012

202 4035





202





201

202



137 137

1414







1459 1414 4800 4801



2102 2104

1414



202 201





















202





202

















210









372

320





















9505





122















































1886





2057 2070















1817











210



7472 211210 202 1204 1004 210 202 210

210 202







202

1825 2001

1204

34020 1235 183620 1327 69020 1235 11020 1235 21020 1235 10213 0123 10061 10213 0123 27220 1235 13620 1235 20413 0114 1006384





1948










644
0644 0600





211
























2001
2001 2001













































1527






060
080 060







2090




2003
2003

100 4220120823143553615 276 179 507 511 803 735 623 640 602 578 941 560 888 175 886 1726 1139 283 272 261 135 3938 3615 825 801 1132 579 587 521 241 229 584 501 411 4128 1457 1480 1465 1270 3974 3613 2701 2665 2499 679 332 668 149 125 196 110 344 179 597 622 577 1410 20120823143805046 16033 1020120823143819204 1692541616925416 4020120823143929166 276 179 507 174 736 608 431 1089 790 293 476 508 169 241 241 829 815 805 4128 1457 1480 1465 1270 3974 3613 2701 2665 2499 679 332 668 149 125 196 110 344 179 597 622 577 1410 4020120823143955355 276 179 507 174 736 608 431 1089 790 293 476 508 169 241 241 829 815 805 4128 1457 1480 1465 1270 3974 3613 2701 2665 2499 679 332 668 149 125 196 110 344 179 597 622 577 1410











1351







220 8282012 220201208272345 1204 1081 2006040705 235 8282012

4801



2187





1414 1738

4040

1414 1738



7352

1414


2003
2003









2280



212211210 004 001 1204 1004





330201209032204 3302012090322043























10886 300









210 1004 1081



7973







212 300 212 300













360










































1204






11119 11119








1204
2122





213 838



300201210021936



010





2397







128








300


302

212



212 213


213
213





212 213

302











503









8664



121 120











212

211 300 212 300





212

212 212 300

213






1204
1204











212 302









200 213 200 400






















1204


2146827850











1204











2490



010





175



1204

















212











212



300201210271747



212

212











1082 310201211021811

1020121105155115714 000 333 333 310 950 2003 333 0000 700













2625

301 300 300 300



11710



























2679







11753 300 212

2783

2783

2798

2783

























212




















0814
083 0814 493










433
4333
1204
1204 1075 1004 1204 1204







212 212

212























3002012112919102







212





212 5051 212 302 6051 5051

412













212



212

212 212 2346 4020121203105131374 4282 4197 138 3938 3615 2701 2665 2499 679 332 668 149 125 196 110 344 179 597 622 577 1410 4282 4197 4168 774 568 518 367 358 707 13522







76422 76422

310201212031735 300 301















11883





212


300
300

301201212051858 300









214



4020121210181149885 301201212082232 310 310

2944





301 2003 160 160 160 160 160 160 160 160 160 160 160 160 160 160 160 160 160 160 160 160 160 160 160 160 160 160 160 160 160 160 160 160 160 160 160 160 160 160 160 160 160 160 160 160 160 160 160 160 160 160 160 160 160 160 160 160 160 160 160 160 160 160 160 160 160 160 160 160 160 160 160 160 160 160 160 160 160 160 160 160 160 160 160 160 160 160 160 160 0000 700



212



2942





300201211131839













212











30661









3053

16925401





300






404
404

300 1020121218110201359 310201212162216 1055 1151 145 936 104 4128 1457 1480 1465 1270 8023 4154 794 720 211 229 7791 6181 5615 375 769 736 721 796 1191 1210 572 520 135 3938 3615 2701 2665 2499 679 332 668 149 125 196 110 344 179 597 622 577 1410

1020121221091441326 000 310 2003 0000 700 300

310201212201822

192168137151 351















112 114 160













302











034






2101
2101





3120 302 310 301











302
0817
0817 0814 0813 3171













3089 310201301151536

3118

3117

3119







3262

3258

3257



















301 20130115150204 301 20130115150204301 20130111165328

301302 310



2814

301

300 301 300 300



083 0817









1282013



302



462



1015


302 302
302 302



310





860









310 302



3379

301 302 301

302







109









302201302011646 501715139 8080





101








3024
3024



300 300


300
300 300 3452



3485

212

301















212



301 10041204

310



























3102
211
211











12894



160
310201302281824
3102013022818242

















3053

30661





302

















3753









302























110

302



















310201303202340 310 20130319125050 3024 0817 1102 310201303202340 310 20130321105651 3025 0817 110

















302 372 310201303261815310 310 20130327135307310

302 310 20130327135307 302 372 310201303261815310 310 20130327135307310 310 20130327135307310 3984

236


0822 1214
0822 1214 13178 302 0822 1214

























4002 40022



302 310







2628




















302
302 302





302





302201302191606











192168137159 1921680157

4134



261 173 603 514 486 332 167 728 199 239 292 295 351 374 143 241



















3053

30661















3053

30661



























302





















100

110 110





830















310























4363

4375



4370

4370

4370 4357



4366

4366

4366 4357























4375






100 032
100 032 0322 100





501715139 8080







311201304292203

1083







310
372
372

120 20110502 120 20110502 370 201111162009



372 4998

320










1204
1204 1204 12042

äöü

100 025





360 360 360 4516



300


















320
320



310
320
3202013050819372


320

626












310

310201304151600



















732 102


112
112 311 112
101
101









0822



310



1083











320 311 320



311201305271814 102 1075
1204




2201 233 233

4669



4796


311 233
300 310 311 3113 236 233 233





3112









311







4747





311 4841















311201306112353 311 20130611153550 1084

4882 4882 4882



4964











10009

125 546 541 975 442 461 399 857 706 1018 1222









1534










320
320 320
143




311201306112235

311











3601


01013
01012







312 320















































4817

1068



















313

104



320 13166













64075 64075





320201308102436 512 508 213 420 141 597 103 142 126 1778 406 221 2104 2318 5620 5057 5206 128 3648





233



5051





5245







5246

5243

5242

5241










102



































































313
233 412
312312 311
312 313 311 312













5326

320 320 312 320 320 320

233











320






412 233
233 366 090413
764


























5385



2020130920115215304 320201309201506 386 103 503

4220130920134835238 4397 4312 4283 783 574 888 124 280 1045 436 370 167 896 899 912 102 119














320
313201309132423 320201309202153 918 918 313 320 20130918150842 290154765 422 320 313

5428



1020130926171216378 000 1020130926171216417 000































5454

232 187 142 210 410 118 254 132 149 4158 274 310 456 208 144 100 152 150

5477
320201310071837
320201310071837







320201310091613



















313

314201310112035 320 314

484850



314201310152018

320
320
320















4220131020001407754 368 358 578 854 703 937 1141

320201310181700
233
233 320 233











320

320









320 320201310181700



314







320201310181700 320201310220323 320201310220323
233 320
320 233 233 233



184






501 703 501
703 501 5012

320 20131027201356 320 20131027201356








1204





320
1084 320201310312112 320 20131030184044 313 313 320

314





320



703 100
320
1084 320201310312112 313 320 20131030184044 422
313 320
313 313 320 320 313 313 320 20131101175645

320201311211626 320 20131125103938 130

320










320
320
320 320
320 320


320
320
































320201311080232
320201311080232



















313

5527
320
320201311121653 1084





5666







314















320 320









320201311160316 1084

























120464













320 233 233



330201311252045























320


233
233

314 320 314



320 891



312 312



3050







320201312081251











320

360 372 343 218 360 360 360 233 360 360 360 688 258

















110

110






314
314 20131213162008 314 20131213162008 703 703

346 219 194 612 462 200 464 168 3424 447 123 327 129 243 325



















320 320







8190










2012
2012



364 795 787 875 112 152 647 105





320

501715139 8080



44434240





422 442

1085

322201401101920 100



320 320 70703 703 703











256 256




233
233 233

320 321 321



320201312191547
404
























320



3202 321

3202 321




321
100 1632

1210

4020140213125732822 321201402041146







360 360 360 360 360 633 360 360 360 538 360 360 360 393 123 152 150 471 1083 603



3295


















226
2261903


















323 330
5614 703



703 703





330





320

141 122 181 155

323 20140327115429 321201402061120





















321 322





6216

20140409004901 28381
323201404031900
323 323 3232014040319002 100

321 321201402061120



321201402061120 3212014020611202







330








330
330 323

















323

871


330201405011408 330
323 330 330 330 330 323 330

3004 577 839 131 456 521 174 736 608 432 1104





1014 1520











323
323
323











323 323 1014 131



330201405121247 1001396893006359 1085 330 330 20140512124113









330 330 323 330



330201405121247 1001396893006359 1085 330 330 20140512124113

140 434 131











323















323









323
330
212
233
233 233
330
330 330 100
330
330 330



20140528 20140528 400


















183
183 182 862 183 184 323 190 330



















330201406061445



330 323 330













323

3300 804






450
450

360 330201406111952 1085

616










330
330 804



442

17040 403 403
323 330
323 330 323 323 3301 6337 323 330 323 3307 323 330 323













994

269
412
412



323







6510

750













6702



2014

4120140728105111288 4420140728105114468 4020140728105114468 4020140728105114468 4020140728105114468





01013







330 442 412 233









330



330 80803

330















6692







6692







330

54044046 0000







330 20140904 125913 340



330 100 100 2014

330
511
511 330 511 511 5113 330

16177

360




330
330 330



330 412 340 233 330 412 422 233

330



6909 6909
330
511 330 340 340 201409092225152 5113 330

188

330

330 340 340 330

1541

330



330



330

1094





150 150
441
441

12014 109 109 109 1095 1010 1095

330 340


340
340

1140 160









360





133 154 127


360
360 360









1010 10951010 1010 340 1095 1095 340 1010 1095

330

6273

7018









341201410281743 10101









300

























341 340 340












400
341 351 400











400201502181719

7184



400201502111458 100









342 341











268





342




















111 110
400201504011425 111 110 4002015040114252 111 110 111 111







341201410281727 342 351



351 351 400



400 342 342 342 400



























360
400201505011217
4002015050112172





















7504

7504













511 511
400
400 400 400 400







400 400

















7003
400














410









410
















410
410 4102

















19185


410
410 360 360 360 222 360 360 360 185 360 594 360 360 360 360 534 360 360 360 406 100 162 360 400201505202026867

410



501
411201507141126
412 410 412 4201 410 411201507141126

410











8110 881
500201508271032
500201508251028 500201508271032

411 500 411 500 411


500201508271032
500201508271032 430201509031836



806






360
















200000





500




430









8664
0103701040 0127 391 562 127001




2000
15002000
431

0127
0127 410
422
410 410
422
422




010 440
010 440 0127 010 440 440 010





431

4402015101618113



01038 012 4215


0127
0127
421
421 012 421








440
4402015111304072
012 440 422
012 440 422 012 01038 440201511130407 422 422 422

433 864


510
433 440 422 510 510 411 501 502 510 510 510 20151116164430520 510
440






0127 440 0127
421
421 0127 421 0127





7697




811
811









510
520
520220 510 520 520220 520220

2013 0335 7769 441

0333 0334

6020

7705



520233 520233 440





19185

00000000000010008000000000000000

440




520
512 520 600 520 600 600 600 20160110233608 520 512





520

530 20510 521 600 530 540 2470















20231
260
260 20130



1006 20571 100



433 410
460201604041329
460201604041329 460 450
460201604041329

460
460 450 460









4602016040812492




522
500 522







460201604180847
233
233 233
23360
23360 6060606060602



664

10081 4602016042908152 930 1045

530 20160421080259 530 20160428072113 1081



520



460201605121040









300 470 543 547 470 17080 10111 8664



312 470 558 593 306 280 258 283 162 237 391 435 419 106 189 256 166 188 326 208 780 861 721 622 423 393 352 492 487 519 255 4199 1467 1490 1471 806 5692 278 4119 3662 1151 332 1032 148 636 332 579 150 126 196 134 104 380 235 606 648 603 1465 1438 470 17080 10111 8664





1064




470 540 540
470

450 2016430 0833 1352 193633 85356







017
460
460 480 530







8459

4220160809125631752 1357 661 334 214 244 170 734 206 246 299 302 263 401 618 2313 597 114 430 2313 2295 437 130 855 739 1039 1256

8553 480 470 460 480
480
480 8509 0127
250
250 250



470

470





















1692548080
540
540 360





240 240 23826 2301





550 20160909001141 550 201609090011412

460

23193
480201609061702
471201609100950 4802016090617022





23943

882

7800 52905







471 511



471201609100950


600
600 551



420 420

471

1182016



460 01217








128 200
128 200

128 603












82442932
82442932
490
490

8656







































210 207 141 248 4199 1467 1490 1540 117 5948 221 1101 1093 2563 5638 221 2105 2329 5702 5139 5288 128 3666 1151 332 1032 148 636 332 579 150 126 196 134 104 380 235 606 648 603 1465

603 120 24494




240
240 604 240
620
620

500 500 602 601 603



481201612050850
6103
6101
6103
6103 490
627
85754

4902017042406542

3121494917309 490201705160715 20170516 091912536 20170516 091912536 228 381 361 397 591 192 585 360 360 157 219 360 193 979 306 219 217 118 20170516 091912536 277 224 381 361 397 591 192 585 360 360 157 219 360 193 979 306 219 217 118 3121494917309 20170516 091912536 490201705160715 20170516 091912536 83190 20170516 091912536 228 381 361 397 591 192 585 360 360 157 219 360 193 979 306 219 217 118 20170516 091912536 277 224 381 361 397 591 192 585 360 360 157 219 360 193 979 306 219 217 118 20170516 091912536 277 224 381 361 397 591 192 585 360 360 157 219 360 193 979 306 219 217 118 3121494917309 20170516 091912536 20170516 091912536 00000000 490201705160715 180121 10122 8664








120
24694

220 490 123 558 593 306 280 258 338 1965 1863 1819 1023 1011 1039 946 619 590 582 175 173 115 2313 357 118 490 180121 10122 8664



490 490 4904











622 621

20170620101941650 20170620102106127

20170620101334065

20170620101030801

20170620100846660
490
490

2530 25303





406 311 775 176 606 359 420 677 176 281 262 460 176 281 522 176 606 359 535 366 535 366 420 289 432 466 285 232 105 132 614 525 497 343 178 734 206 246 299 302 358 381 143 241

003 003 262 194 204


121


4902





410
410


23136
18152153
2017 4100 18152153 18131 18131 18152153 18131 1801131 180131



480 500




700
25202 700 8873 700 700

8880



761 872
151 152
151 152




10131
10131





4100201709271713
500201711210649
500201711210649

















600 231440 2560 042
700
700

25195







700 180152 18131 18152153 18131 18152153 18131 1801131 180131




500201712081732




20171216 54506













408 14386963908389788 701 20142018

472




49201809








180161

702 702


18162 510
18162 510
180131








702

702 128

510










510201803260453
5102018032604532



183 2018 473

500
216232
216232 9053 510 2162 216232 018




113
113 110 103 113

703711


122
25790 510 25790 122




1001
1001 1001

700

166



113 114

500201712081732 720 704 180131 891


510
510201808080937

190

000000



891 2018 8100 8114 8114
510














511
1013
1013 800







800 750






165
09648 5414 063 6087 122 103 09648 5414 063 6087 165
514201909061933
514201909061933 1121 111

900

1385





600

600202003181504 20200324140857530 514201909061933 20200324140954698


134
134 131 20200416 155456 600 901 20200415143120 134 114 134


