

































































8020
9000 8020



2613













300 300







11111







101







































































202






6126 311 111

















9000
000000009000































144

100



1245













27201331816 674 402 589 310 895 918 680







318 109 157 137 7317 176 139 252 1181 9329 1270016379 137 312 422 176 139 32112 1270016379 137 312 423





















































162













112

112




101
101





















100146249 524 400 115

112710082 126 73865















3107

8020



1171120305

120 205 1102





817
110








116


















353


100






101












101

021 1913 1912 300 160 140













6126 7610 20130312



6379 6379 6379 6379 6379















340


1102
1102

277 279





















589 312 1145 615 724 112 132 234 224 180 129 7363
102




201307


070
070 041



956 1066



















1109





213 2401 2411 2428 200 2467 2449 367 166 351 287 325 224 207 190 154 255 412 407 110 606 191 127 483 157 724









100
200
200
200
200







110









9006 9006

100 100













1295














303
303



8020 101231231239000



1090



175956436 191 117 227 601 214 132 104 749 690 945 876 961 863 837 305 210 114 243 210 131 108 243 210 108 243 210 108 243 210 243 210 222 123 472 680 171 118 407 589 1680 1145 615 722



154734469 1113 229 601 422 183 281 245 100 1446 200 1464 263 124 379 340 256 238 236 000 229 309 467 683 390 197















100 100







100 100















115 102 178 149 207 300 286 724 247 191 168 300 176 142 7313 366 355 354 424 308 357 190 24119

8020 8020 1270028020 12700250070 1270028020 12700250070 101 100

9393

9002 000000009000 9000







1399

1400

1399











100





100











5674 5672



























87125 6980820 288 323 220 345





2181 621230 0894 8611 527 2181 6969579 70965 2181 0667 4279











400 158 154 120 606 215 132 104 749 689 938 870 961 852 837 305 210 115 243 210 137 108 243 210 108 243 210 108 243 210 108 243 210 222 123 472 680 171 118 407 589 1680 1145 615 724



250





1283 1283





1499







52747887 195

5201 95248 8074 5201 95248 8074





1565 121

121

500 500 072457245 126 196 170 606 317 190 157 106 179 207 109 116 101 255 223 100 606 317 190 157 113 179 207 114 260 241 205 199 177 116 101 255 223 114 260 241 205 199 177 116 101 255 223 100 606 317 190 157 113 179 207 111 114 564 791 314 1145 615 744 1008 215 114 111 159 11991









155407298 550 100 448 347 700 678 494 488 293 485 755 471 262 471 262 1145 615 744 100





















100 2542213282













171338811 550 411 355 349 695 494 488 253 485 755 471 334 166 471 334 166 1145 615 722 167 103 1514 252 195 699 760 482 648 311 130 241 186 176 166 230 39920 114 106 421 1698 16436









1019











1667





71029 6224 40730 8906 213007605 118 061612 108 111 724 641 1159 282 200 273 200



71029 108 111 724 641 1159 282 200 273 200 995









641 1159 282 200 273 200 273 200 9983








































401


2732 633 153964 5104 9000 1633 153964 5104
200
200

942 7868 7730 536170438 0291 2542213282 61616 2542213282 61616



2014084504 21234 20007 2014084504 21234 2000 2014084504 2014084511 2014084511 2014084511 2014084511 98108971049810897104 2014084511 513 7280766559152712153 2014084511









071029902 450 549 436 800 803 494 488 293 485 755 471 262 471 262 1145 615 744





123627231 145

1338



7077



















385 275 233 337 278 186 155

111







121 460 220 500





1824 5672





111 1266 260 256 107 252 239 177 199 125













241





100 100 100 100



170 606 317 190 157 106 179 207 117 116 101 255 223 107 606 317 190 157 113 179 207 115 188 116 101 000 1145 615 744 660 695 727 737 811 267 142 606 122 000 258 114 111 159 268 142 7541 383 387 374 134 123 404 399 383 606 126 109 109 1557 63863 122337941 254 192973 122337941 158 073 5122337944 225 141 106 198 148 162 141 134 304 135 128 606 317 190 157 127 179 207 606 122 000 258 114 111 159 268 142 170 606 317 190 157 106 179 207 117 116 101 255 223 107 606 317 190 157 113 179 207 115 109 260 241 205 199 177 606 317 190 157 106 179 207 117 116 101 255 223 107 606 317 190 157 113 179 207 115 109 260 241 205 199 177 205 000 149 146 284 278 471 262 201 178 292 1145 615 744
114
114

20140710091029019 19923 20140710091029137 19923 20140710091029146 19923 20140710091029146 19923 20140710091108003 19923 007 4466 926 456 20140710091108006 19923 007 4466 926 456 20140710091108176 19923 111 1590 214 203 107 199 191 133 106 509 503 297 500 762 471 262 471 262 1145 615 744











101027560 254 615460 101027560 158 2101027561 555 422 956 978 164 219 204 162 140 112 256 753 522 498101027561 512 101027564 433



536

220 175 220 220 205 2100 220 220 220 220 220 220 220 220 220 220 220 220 220 220 6126 250 201 201 201 201

366 355 354 425 308 358 606 215



9778 9778





241 170 1102 1601 170



200316307 410428 443 119 783 676 660 107 656 441 431 486 461 426 807 509 503





219

1462
















101
101 101 101 100









08286 78392 565742 140821 140910 198 62302 484 670 1846 4450481 151665 851 1846 4450481 151665 851 198 62302 484 670 454 82808 837 1846 4450481 151665 851 198 62302 484 670 454 82808 837 1846 4450481 151665 851 429 8461 32836 10220917410220917410455 454 82808 837 107095710709571099707 968 5451 90341 107011185107011185105598 62302 484 670 101101864810110186481056 1846 4450481 151665 851 10709153107091531020 141642 198 62302 484 670 454 82808 837 1846 4450481 151665 851 198 62302 484 670 429 8461 32836 10220917410220917410455 454 82808 837 107095710709571099707 968 5451 90341 107011185107011185105598 62302 484 670 101101864810110186481056 1846 4450481 151665 851 10709153107091531020 0142106

2181 5672 5672






































102
102 203
101 100
101 100 800 110 137 106 191



102

109



1864

1864

8032 00008032 8032 101 117 20141013165028710 20141013165028724 20141013165030311 20141013165030335 20141013165030335 20141013165030383 20141013165030658 8020 802020141013165030659 00008032 8032

002

100 101 30000 2014174028062 2014174028198 2014174038847 002 002 9753 603566 30000 2014174128225 877 808 344 163 30000 9753 603566 30000 2014174128227

101 155602829 1413327352991 155602935 1413327352991155605069 209 313 339 133 606 215 132 104 749 689 938 870 961 852 837 303 208 110 107 241 208 280 107 241 208 186 160 241 208 107 241 208 107 241 208 107 241 208 220 122 501 171 103 116 408 611 1736 1695 1145 615 724

1413234903170 2014141616044 1413234903170 2014141616705 1413234903170 2014141622818 1413234903170 2014141623585 1413234903170 2014141637694 001 2014141649950 1413234903170 2014141654490 1413234903170 1413234903170 6524 884 288 30000 1413234903170 45499483246079 670 30000 2014141654493 1413234903170 111 185 100 217 186 262 1145 615 744 1413234903170 111 1270 274 270 107 266 253 1797 2014141656251 001 2014141708179 001 001 244 5076 481103 046 2667 30000 2014141708181 001 111 175 217 186 262 1145 615 744 001 111 1270 274 270 107 266 253 1657 2014141710553 001

100 100 2461050

1000 100 12461050

1000 1105010010000

100 100010000100000





20141104121830528 24061 110 013 2925 5177 028379758 110 248 199 184 141 110 508 391 335 303 180 216 187 313 138 116 330 243 254 609 464 691 320 142 129 606 134 110 013 2925 5177 028379758 110 398 335 303 180 216 24231 198 177 441 368 1436 829 439 255 2786 606 117 510 848 777 141 243 347 428 39036




404
404



67473 71332 0727516 55561 2472 420141106152829820 042014110615282985420141106152829890




404
101 1095 404











110960017031

100 128











2122


















5424
5424 3164 5424

2124



141 106 198 148 162 141 134 304 135 128 606 317 190 157 127 179 207





65422856110 289 238 218 200 363 289 179 147 509 503 297 500 762 471 262 471 262 1145 615 745 210814721110 692 210815946110 289 238 218 200 363 289 179 147 509 503 297 500 762 471 262 471 262 1145 615 745

2381 1307 2786 1617 903 805 5369

094416031110 322 399 336 304 180 138 127 620 315 139 211 217 200 363 332 179 147 509 503 297 500 762 471 262 471 262 1145 615 745 322 198 134 437 368 325 458 3237 2714 2056 766 356 2786 606 117 510 848 777 141 243 347 429 39130 094416036110 322 399 336 304 180 138 127 620 315 139 211 217 200 363 332 179 147 509 503 297 500 762 471 262 471 262 1145 615 745 322 198 134 437 368 325 458 3237 2714 2056 766 356 2786 606 117 510 848 777 141 243 347 429 391

101404678110 110 426 385 367 308 183 138 238 218 200 363 332 179 147 509 503 297 500 762 471 262 471 262 1145 615 745 616 592 244 141 455 738 121 111 586 612 42428











5672 5672



2230
110
103











495

2413

103 110

104320193110 2963 104320697110 2531 1855 571 27878047










210
210 260 530

93110220140710 2012



103











211







530 150 1401







300000

2720





2012 110

32768

138

20150224151246018120 120150224151246018120 120150224151246019120 120150224151246020120 120150224151340020120 120150224151340020120 120150224151340021120



110










211














10334 20150313110452437 635 9341 1197 511 308 252 1142 617 745



387





404







4673




403
403

277 239 115 101 300 172 121 1142 617 745 107 7713







2835 2671





2861



132259798 10132259861 00933



2139

500 109112 1428675070 200

297



112

2837




220
220 533



145 200 145 200 145 200



110 1230

2015







20150515105015843120 1153 882 837 128 156 928 740 726 606







532

111 345 111 345 346 5140 51406 7047 322 1983 2004

20150521191236211120 120150521191236212120 9101

3083 2671

2309

20150527155751039 2774 20150527155751039 2774 256 192 128 25620150527155751039 2774 256 192 128 25620150527155751039 2774 2512 2256 16020150527155751039 2774 2512 2256 16020150527155751039 2774 20150527155751039 2774 20150527155751039 2774 20150527155751039 2774 20150527155751040 2774 120150527155751040 2774 20150527155751040 2774 128 128 20150527155751040 2774 128 128 20150527155751040 2774 2256 196 59620150527155751040 2774 2256 196 59620150527155751040 2774 20150527155751040 2774 20150527155751040 2774 20150527155751040 2774 20150527155751040 2774 128 20150527155751040 2774 128 20150527155751044 2774 20150527155751044 2774 20150527155751049 2774 20150527155751049 2774 20150527155751049 2774 20150527155751049 2774 20150527155751050 2774 20150527155751050 2774 20150527155751052 2774 20150527155751052 2774 20150527155751054 2774 20150527155751054 2774 20150527155751086 2774 20150527155751113 2774 101001035 2220150527155751113 2774
082
081 082

111 5140 025140 20150526095221630111 20150526095221843111 20150526145221143111 20150526095221630111 20150526095221843111














2260
2260





120 2850





403












244
244 20153253







502 503

















1504 18051 18051 2551

121







121



130 180 1601 271 271 260 271







3556

3100 002 002











9101











121














425
3956

2567 20160219 1825240500121
